206387374.233,1.04,2,7,1,0,3,0,5,0,7,0,0.00
206387374.483,0.35,1,7,0,0,0,0,0,0,7,0,0.25
206387374.733,0.35,1,7,0,0,0,0,0,0,7,0,0.50
206387375.233,0.35,1,7,0,0,0,0,0,0,7,0,1.00
206387375.483,0.85,2,7,0,2,3,0,0,0,7,0,1.25
206387375.483,0.85,2,7,1,0,3,0,0,0,7,0,0.00
206387375.983,0.35,1,7,0,0,0,0,0,0,7,0,0.50
206387376.233,0.35,1,7,0,0,0,0,0,0,7,0,0.75
206387376.483,0.35,1,7,0,0,0,0,0,0,7,0,1.00
206387376.733,0.85,2,7,0,2,3,0,0,0,7,0,1.25
206387376.983,0.35,1,7,0,0,0,0,0,0,7,0,1.50
206387377.233,0.35,1,7,0,0,0,0,0,0,7,0,1.75
206387377.483,0.35,1,7,0,0,0,0,0,0,7,0,2.00
206387377.733,0.35,1,7,0,0,0,0,0,0,7,0,2.25
206387377.983,0.55,1,7,0,0,3,0,0,0,7,0,2.50
206387378.233,0.35,1,7,0,0,0,0,0,0,7,0,2.75
206387378.483,0.35,1,7,0,0,0,0,0,0,7,0,3.00
206387378.733,0.35,1,7,0,0,0,0,0,0,7,0,3.25
206387378.983,0.35,1,7,0,0,0,0,0,0,7,0,3.50
206387379.233,0.35,1,7,0,0,0,0,0,0,7,0,3.75
206387379.483,0.85,2,7,0,2,3,0,0,0,7,0,4.00
206387379.483,0.85,2,7,1,0,3,0,0,0,7,0,0.00
206387379.983,0.35,1,7,0,0,0,0,0,0,7,0,0.50
206387380.233,0.35,1,7,0,0,0,0,0,0,7,0,0.75
206387380.233,0.85,2,7,1,0,3,0,0,0,7,0,0.00
206387380.233,0.85,2,7,1,0,3,0,0,0,7,0,0.00
206387380.983,0.35,1,7,0,0,0,0,0,0,7,0,0.75
206387381.233,0.35,1,7,0,0,0,0,0,0,7,0,1.00
206387381.483,0.55,1,7,0,0,3,0,0,0,7,0,1.25
206387381.733,0.35,1,7,0,0,0,0,0,0,7,0,1.50
206387381.983,0.35,1,7,0,0,0,0,0,0,7,0,1.75
206387382.233,0.35,1,7,0,0,0,0,0,0,7,0,2.00
206387382.483,0.35,1,7,0,0,0,0,0,0,7,0,2.25
206387382.733,0.35,1,7,0,0,0,0,0,0,7,0,2.50
206387382.983,0.35,1,7,0,0,0,0,0,0,7,0,2.75
206387383.233,0.35,1,7,0,0,0,0,0,0,7,0,3.00
206387383.483,0.35,1,7,0,0,0,0,0,0,7,0,3.25
206387383.733,0.55,1,7,0,0,3,0,0,0,7,0,3.50
206387383.983,0.35,1,7,0,0,0,0,0,0,7,0,3.75
206387384.233,0.35,1,7,0,0,0,0,0,0,7,0,4.00
206387384.483,0.35,1,7,0,0,0,0,0,0,7,0,4.25
206387384.733,0.55,1,7,0,0,3,0,0,0,7,0,4.50
206387384.983,0.35,1,7,0,0,0,0,0,0,7,0,4.75
206387385.233,0.70,2,8,0,0,0,0,0,0,7,8,5.00
206387388.733,0.65,2,7,1,0,0,0,0,0,7,0,0.00
206387389.233,0.35,1,7,0,0,0,0,0,0,7,0,0.50
206387389.733,0.35,1,7,0,0,0,0,0,0,7,0,1.00
206387389.983,0.35,1,7,0,0,0,0,0,0,7,0,1.25
206387390.483,0.35,1,7,0,0,0,0,0,0,7,0,1.75
206387390.733,0.35,1,7,0,0,0,0,0,0,7,0,2.00
206387390.983,0.35,1,7,0,0,0,0,0,0,7,0,2.25
206387391.233,0.35,1,7,0,0,0,0,0,0,7,0,2.50
206387391.483,0.35,1,7,0,0,0,0,0,0,7,0,2.75
206387391.733,0.35,1,7,0,0,0,0,0,0,7,0,3.00
206387391.983,0.35,1,7,0,0,0,0,0,0,7,0,3.25
206387392.233,0.55,1,7,0,0,3,0,0,0,7,0,3.50
206387392.483,0.35,1,7,0,0,0,0,0,0,7,0,3.75
206387392.733,0.35,1,7,0,0,0,0,0,0,7,0,4.00
206387392.983,0.35,1,7,0,0,0,0,0,0,7,0,4.25
206387393.233,0.55,1,7,0,0,3,0,0,0,7,0,4.50
206387393.483,0.35,1,7,0,0,0,0,0,0,7,0,4.75
206387393.733,0.70,2,8,0,0,0,0,0,0,7,8,5.00
206387393.733,0.85,2,7,1,0,3,0,0,0,7,0,0.00
206387394.233,0.35,1,7,0,0,0,0,0,0,7,0,0.50
206387394.483,0.35,1,7,0,0,0,0,0,0,7,0,0.75
206387394.733,0.35,1,7,0,0,0,0,0,0,7,0,1.00
206387394.983,0.35,1,7,0,0,0,0,0,0,7,0,1.25
206387395.233,0.35,1,7,0,0,0,0,0,0,7,0,1.50
206387395.733,0.35,1,7,0,0,0,0,0,0,7,0,2.00
206387395.983,0.35,1,7,0,0,0,0,0,0,7,0,2.25
206387396.233,0.55,1,7,0,0,3,0,0,0,7,0,2.50
206387396.483,0.35,1,7,0,0,0,0,0,0,7,0,2.75
206387396.733,0.35,1,7,0,0,0,0,0,0,7,0,3.00
206387396.983,0.35,1,7,0,0,0,0,0,0,7,0,3.25
206387397.233,0.55,1,7,0,0,3,0,0,0,7,0,3.50
206387397.483,0.35,1,7,0,0,0,0,0,0,7,0,3.75
206387397.733,0.35,1,7,0,0,0,0,0,0,7,0,4.00
206387397.983,0.35,1,7,0,0,0,0,0,0,7,0,4.25
206387398.233,0.35,1,7,0,0,0,0,0,0,7,0,4.50
206387398.483,0.85,2,7,0,2,3,0,0,0,7,0,4.75
206387398.733,0.70,2,8,0,0,0,0,0,0,7,8,5.00
206387398.983,0.70,2,8,0,0,0,0,0,0,7,8,5.25
206387399.483,0.70,2,8,0,0,0,0,0,0,7,8,5.75
206387399.733,1.19,2,8,0,2,3,0,0,0,7,8,6.00
206387399.983,0.70,2,8,0,0,0,0,0,0,7,8,6.25
206387399.983,0.85,2,7,1,0,3,0,0,0,7,0,0.00
206387400.733,0.35,1,7,0,0,0,0,0,0,7,0,0.75
206387400.983,0.35,1,7,0,0,0,0,0,0,7,0,1.00
206387401.233,0.85,2,7,0,2,3,0,0,0,7,0,1.25
206387401.483,0.35,1,7,0,0,0,0,0,0,7,0,1.50
206387401.733,0.35,1,7,0,0,0,0,0,0,7,0,1.75
206387401.983,0.35,1,7,0,0,0,0,0,0,7,0,2.00
206387402.233,0.35,1,7,0,0,0,0,0,0,7,0,2.25
206387402.483,0.85,2,7,0,2,3,0,0,0,7,0,2.50
206387402.733,0.35,1,7,0,0,0,0,0,0,7,0,2.75
206387402.983,0.35,1,7,0,0,0,0,0,0,7,0,3.00
206387403.233,0.35,1,7,0,0,0,0,0,0,7,0,3.25
206387403.483,0.35,1,7,0,0,0,0,0,0,7,0,3.50
206387403.733,0.35,1,7,0,0,0,0,0,0,7,0,3.75
206387403.983,0.55,1,7,0,0,3,0,0,0,7,0,4.00
206387404.483,0.35,1,7,0,0,0,0,0,0,7,0,4.50
206387404.733,0.35,1,7,0,0,0,0,0,0,7,0,4.75
206387404.983,0.90,2,8,0,0,3,0,0,0,7,8,5.00
206387405.233,0.70,2,8,0,0,0,0,0,0,7,8,5.25
206387405.233,0.85,2,7,1,0,3,0,0,0,7,0,0.00
206387405.233,0.85,2,7,1,0,3,0,0,0,7,0,0.00
206387405.983,0.35,1,7,0,0,0,0,0,0,7,0,0.75
206387406.233,0.35,1,7,0,0,0,0,0,0,7,0,1.00
206387406.483,0.35,1,7,0,0,0,0,0,0,7,0,1.25
206387406.733,0.55,1,7,0,0,3,0,0,0,7,0,1.50
206387406.983,0.35,1,7,0,0,0,0,0,0,7,0,1.75
206387407.233,0.35,1,7,0,0,0,0,0,0,7,0,2.00
206387407.483,0.35,1,7,0,0,0,0,0,0,7,0,2.25
206387407.733,0.55,1,7,0,0,3,0,0,0,7,0,2.50
206387407.983,0.35,1,7,0,0,0,0,0,0,7,0,2.75
206387408.233,0.35,1,7,0,0,0,0,0,0,7,0,3.00
206387408.483,0.35,1,7,0,0,0,0,0,0,7,0,3.25
206387408.733,0.55,1,7,0,0,3,0,0,0,7,0,3.50
206387408.733,0.85,2,7,1,0,3,0,0,0,7,0,0.00
206387409.233,0.35,1,7,0,0,0,0,0,0,7,0,0.50
206387409.483,0.55,1,7,0,0,3,0,0,0,7,0,0.75
206387409.733,0.35,1,7,0,0,0,0,0,0,7,0,1.00
206387409.983,0.35,1,7,0,0,0,0,0,0,7,0,1.25
206387410.233,0.85,2,7,0,2,3,0,0,0,7,0,1.50
206387410.483,0.35,1,7,0,0,0,0,0,0,7,0,1.75
206387410.983,0.35,1,7,0,0,0,0,0,0,7,0,2.25
206387411.233,0.35,1,7,0,0,0,0,0,0,7,0,2.50
206387411.483,0.55,1,7,0,0,3,0,0,0,7,0,2.75
206387411.733,0.35,1,7,0,0,0,0,0,0,7,0,3.00
206387411.983,0.35,1,7,0,0,0,0,0,0,7,0,3.25
206387412.233,0.35,1,7,0,0,0,0,0,0,7,0,3.50
206387412.483,0.35,1,7,0,0,0,0,0,0,7,0,3.75
206387412.733,0.35,1,7,0,0,0,0,0,0,7,0,4.00
206387412.983,0.35,1,7,0,0,0,0,0,0,7,0,4.25
206387413.233,0.55,1,7,0,0,3,0,0,0,7,0,4.50
206387413.483,0.35,1,7,0,0,0,0,0,0,7,0,4.75
206387413.733,0.70,2,8,0,0,0,0,0,0,7,8,5.00
206387413.983,0.70,2,8,0,0,0,0,0,0,7,8,5.25
206387414.233,0.70,2,8,0,0,0,0,0,0,7,8,5.50
206387414.483,0.70,2,8,0,0,0,0,0,0,7,8,5.75
206387414.733,0.70,2,8,0,0,0,0,0,0,7,8,6.00
206387414.983,0.70,2,8,0,0,0,0,0,0,7,8,6.25
206387415.233,0.70,2,8,0,0,0,0,0,0,7,8,6.50
206387415.483,0.70,2,8,0,0,0,0,0,0,7,8,6.75
206387415.733,0.70,2,8,0,0,0,0,0,0,7,8,7.00
206387415.983,0.90,2,8,0,0,3,0,0,0,7,8,7.25
206387416.233,0.70,2,8,0,0,0,0,0,0,7,8,7.50
206387416.483,0.70,2,8,0,0,0,0,0,0,7,8,7.75
206387416.733,1.19,2,8,0,2,3,0,0,0,7,8,8.00
206387416.983,0.70,2,8,0,0,0,0,0,0,7,8,8.25
206387417.233,0.70,2,8,0,0,0,0,0,0,7,8,8.50
206387417.483,0.90,2,8,0,0,3,0,0,0,7,8,8.75
206387417.733,0.70,2,8,0,0,0,0,0,0,7,8,9.00
206387417.983,0.70,2,8,0,0,0,0,0,0,7,8,9.25
206387417.983,0.85,2,7,1,0,3,0,0,0,7,0,0.00
206387418.733,0.35,1,7,0,0,0,0,0,0,7,0,0.75
206387418.983,0.35,1,7,0,0,0,0,0,0,7,0,1.00
206387419.233,0.55,1,7,0,0,3,0,0,0,7,0,1.25
206387419.483,0.35,1,7,0,0,0,0,0,0,7,0,1.50
206387419.733,0.35,1,7,0,0,0,0,0,0,7,0,1.75
206387419.983,0.35,1,7,0,0,0,0,0,0,7,0,2.00
206387420.233,0.55,1,7,0,0,3,0,0,0,7,0,2.25
206387420.483,0.35,1,7,0,0,0,0,0,0,7,0,2.50
206387420.733,0.35,1,7,0,0,0,0,0,0,7,0,2.75
206387420.983,0.55,1,7,0,0,3,0,0,0,7,0,3.00
206387421.233,0.35,1,7,0,0,0,0,0,0,7,0,3.25
206387421.483,0.35,1,7,0,0,0,0,0,0,7,0,3.50
206387421.733,0.85,2,7,0,2,3,0,0,0,7,0,3.75
206387421.983,0.35,1,7,0,0,0,0,0,0,7,0,4.00
206387422.233,0.35,1,7,0,0,0,0,0,0,7,0,4.25
206387422.483,0.35,1,7,0,0,0,0,0,0,7,0,4.50
206387422.733,0.35,1,7,0,0,0,0,0,0,7,0,4.75
206387422.983,0.70,2,8,0,0,0,0,0,0,7,8,5.00
206387422.983,0.85,2,7,1,0,3,0,0,0,7,0,0.00
206387423.483,0.35,1,7,0,0,0,0,0,0,7,0,0.50
206387423.733,0.35,1,7,0,0,0,0,0,0,7,0,0.75
206387423.983,0.35,1,7,0,0,0,0,0,0,7,0,1.00
206387424.233,0.35,1,7,0,0,0,0,0,0,7,0,1.25
206387424.483,0.55,1,7,0,0,3,0,0,0,7,0,1.50
206387424.733,0.35,1,7,0,0,0,0,0,0,7,0,1.75
206387424.983,0.35,1,7,0,0,0,0,0,0,7,0,2.00
206387425.233,0.55,1,7,0,0,3,0,0,0,7,0,2.25
206387425.483,0.35,1,7,0,0,0,0,0,0,7,0,2.50
206387425.733,0.35,1,7,0,0,0,0,0,0,7,0,2.75
206387425.983,0.55,1,7,0,0,3,0,0,0,7,0,3.00
206387426.233,0.35,1,7,0,0,0,0,0,0,7,0,3.25
206387426.483,0.35,1,7,0,0,0,0,0,0,7,0,3.50
206387426.483,0.85,2,7,1,0,3,0,0,0,7,0,0.00
206387426.483,0.85,2,7,1,0,3,0,0,0,7,0,0.00
206387427.233,0.35,1,7,0,0,0,0,0,0,7,0,0.75
206387427.483,0.35,1,7,0,0,0,0,0,0,7,0,1.00
206387427.733,0.35,1,7,0,0,0,0,0,0,7,0,1.25
206387427.983,0.35,1,7,0,0,0,0,0,0,7,0,1.50
206387428.233,0.35,1,7,0,0,0,0,0,0,7,0,1.75
206387428.483,0.35,1,7,0,0,0,0,0,0,7,0,2.00
206387428.733,0.35,1,7,0,0,0,0,0,0,7,0,2.25
206387428.983,0.35,1,7,0,0,0,0,0,0,7,0,2.50
206387429.233,0.55,1,7,0,0,3,0,0,0,7,0,2.75
206387429.483,0.35,1,7,0,0,0,0,0,0,7,0,3.00
206387429.733,0.35,1,7,0,0,0,0,0,0,7,0,3.25
206387429.983,0.35,1,7,0,0,0,0,0,0,7,0,3.50
206387430.233,0.35,1,7,0,0,0,0,0,0,7,0,3.75
206387430.483,0.85,2,7,0,2,3,0,0,0,7,0,4.00
206387430.733,0.35,1,7,0,0,0,0,0,0,7,0,4.25
206387430.733,0.85,2,7,1,0,3,0,0,0,7,0,0.00
206387431.233,0.35,1,7,0,0,0,0,0,0,7,0,0.50
206387431.483,0.35,1,7,0,0,0,0,0,0,7,0,0.75
206387431.733,0.55,1,7,0,0,3,0,0,0,7,0,1.00
206387431.983,0.35,1,7,0,0,0,0,0,0,7,0,1.25
206387432.233,0.35,1,7,0,0,0,0,0,0,7,0,1.50
206387432.483,0.35,1,7,0,0,0,0,0,0,7,0,1.75
206387432.733,0.35,1,7,0,0,0,0,0,0,7,0,2.00
206387432.983,0.35,1,7,0,0,0,0,0,0,7,0,2.25
206387433.233,0.35,1,7,0,0,0,0,0,0,7,0,2.50
206387433.483,0.35,1,7,0,0,0,0,0,0,7,0,2.75
206387433.733,0.35,1,7,0,0,0,0,0,0,7,0,3.00
206387433.983,0.35,1,7,0,0,0,0,0,0,7,0,3.25
206387434.233,0.85,2,7,0,2,3,0,0,0,7,0,3.50
206387434.483,0.35,1,7,0,0,0,0,0,0,7,0,3.75
206387434.733,0.35,1,7,0,0,0,0,0,0,7,0,4.00
206387435.233,0.35,1,7,0,0,0,0,0,0,7,0,4.50
206387435.483,0.35,1,7,0,0,0,0,0,0,7,0,4.75
206387435.733,0.90,2,8,0,0,3,0,0,0,7,8,5.00
206387436.233,0.70,2,8,0,0,0,0,0,0,7,8,5.50
206387436.483,0.90,2,8,0,0,3,0,0,0,7,8,5.75
206387436.733,0.70,2,8,0,0,0,0,0,0,7,8,6.00
206387436.983,0.70,2,8,0,0,0,0,0,0,7,8,6.25
206387437.233,0.90,2,8,0,0,3,0,0,0,7,8,6.50
206387437.483,0.70,2,8,0,0,0,0,0,0,7,8,6.75
206387437.733,0.70,2,8,0,0,0,0,0,0,7,8,7.00
206387437.983,1.19,2,8,0,2,3,0,0,0,7,8,7.25
206387438.233,0.70,2,8,0,0,0,0,0,0,7,8,7.50
206387438.483,0.70,2,8,0,0,0,0,0,0,7,8,7.75
206387438.733,0.90,2,8,0,0,3,0,0,0,7,8,8.00
206387438.983,0.70,2,8,0,0,0,0,0,0,7,8,8.25
206387439.233,0.70,2,8,0,0,0,0,0,0,7,8,8.50
206387439.233,0.85,2,7,1,0,3,0,0,0,7,0,0.00
206387439.233,0.85,2,7,1,0,3,0,0,0,7,0,0.00
206387439.983,0.35,1,7,0,0,0,0,0,0,7,0,0.75
206387440.733,0.35,1,7,0,0,0,0,0,0,7,0,1.50
206387440.983,0.55,1,7,0,0,3,0,0,0,7,0,1.75
206387441.233,0.35,1,7,0,0,0,0,0,0,7,0,2.00
206387441.483,0.35,1,7,0,0,0,0,0,0,7,0,2.25
206387441.733,0.55,1,7,0,0,3,0,0,0,7,0,2.50
206387441.983,0.35,1,7,0,0,0,0,0,0,7,0,2.75
206387442.233,0.35,1,7,0,0,0,0,0,0,7,0,3.00
206387442.483,0.55,1,7,0,0,3,0,0,0,7,0,3.25
206387442.733,0.35,1,7,0,0,0,0,0,0,7,0,3.50
206387442.983,0.55,1,7,0,0,3,0,0,0,7,0,3.75
206387443.233,0.85,2,7,0,2,3,0,0,0,7,0,4.00
206387443.483,0.35,1,7,0,0,0,0,0,0,7,0,4.25
206387443.733,0.35,1,7,0,0,0,0,0,0,7,0,4.50
206387443.983,0.85,2,7,0,2,3,0,0,0,7,0,4.75
206387443.983,0.85,2,7,1,0,3,0,0,0,7,0,0.00
206387444.733,0.35,1,7,0,0,0,0,0,0,7,0,0.75
206387444.983,0.35,1,7,0,0,0,0,0,0,7,0,1.00
206387445.233,0.35,1,7,0,0,0,0,0,0,7,0,1.25
206387445.483,0.85,2,7,0,2,3,0,0,0,7,0,1.50
206387445.733,0.35,1,7,0,0,0,0,0,0,7,0,1.75
206387445.983,0.35,1,7,0,0,0,0,0,0,7,0,2.00
206387446.233,0.85,2,7,0,2,3,0,0,0,7,0,2.25
206387446.483,0.35,1,7,0,0,0,0,0,0,7,0,2.50
206387446.733,0.35,1,7,0,0,0,0,0,0,7,0,2.75
206387446.983,0.85,2,7,0,2,3,0,0,0,7,0,3.00
206387447.233,0.35,1,7,0,0,0,0,0,0,7,0,3.25
206387447.483,0.35,1,7,0,0,0,0,0,0,7,0,3.50
206387447.733,0.85,2,7,0,2,3,0,0,0,7,0,3.75
206387447.983,0.35,1,7,0,0,0,0,0,0,7,0,4.00
206387448.233,0.35,1,7,0,0,0,0,0,0,7,0,4.25
206387448.483,0.85,2,7,0,2,3,0,0,0,7,0,4.50
206387448.733,0.35,1,7,0,0,0,0,0,0,7,0,4.75
206387448.733,0.85,2,7,1,0,3,0,0,0,7,0,0.00
206387449.233,0.35,1,7,0,0,0,0,0,0,7,0,0.50
206387449.483,0.35,1,7,0,0,0,0,0,0,7,0,0.75
206387449.733,0.35,1,7,0,0,0,0,0,0,7,0,1.00
206387449.983,0.85,2,7,0,2,3,0,0,0,7,0,1.25
206387450.233,0.35,1,7,0,0,0,0,0,0,7,0,1.50
206387450.233,0.85,2,7,1,0,3,0,0,0,7,0,0.00
206387450.983,0.35,1,7,0,0,0,0,0,0,7,0,0.75
206387451.233,0.35,1,7,0,0,0,0,0,0,7,0,1.00
206387451.483,0.55,1,7,0,0,3,0,0,0,7,0,1.25
206387451.733,0.35,1,7,0,0,0,0,0,0,7,0,1.50
206387451.983,0.35,1,7,0,0,0,0,0,0,7,0,1.75
206387452.233,0.35,1,7,0,0,0,0,0,0,7,0,2.00
206387452.483,0.35,1,7,0,0,0,0,0,0,7,0,2.25
206387452.733,0.35,1,7,0,0,0,0,0,0,7,0,2.50
206387452.983,0.35,1,7,0,0,0,0,0,0,7,0,2.75
206387453.233,0.35,1,7,0,0,0,0,0,0,7,0,3.00
206387453.483,0.35,1,7,0,0,0,0,0,0,7,0,3.25
206387453.733,0.35,1,7,0,0,0,0,0,0,7,0,3.50
206387453.983,0.35,1,7,0,0,0,0,0,0,7,0,3.75
206387454.233,0.35,1,7,0,0,0,0,0,0,7,0,4.00
206387454.983,0.35,1,7,0,0,0,0,0,0,7,0,4.75
206387455.233,0.70,2,8,0,0,0,0,0,0,7,8,5.00
206387455.233,0.85,2,7,1,0,3,0,0,0,7,0,0.00
206387455.983,0.35,1,7,0,0,0,0,0,0,7,0,0.75
206387456.233,0.85,2,7,0,2,3,0,0,0,7,0,1.00
206387456.483,0.35,1,7,0,0,0,0,0,0,7,0,1.25
206387456.733,0.35,1,7,0,0,0,0,0,0,7,0,1.50
206387456.983,0.85,2,7,0,2,3,0,0,0,7,0,1.75
206387457.233,0.35,1,7,0,0,0,0,0,0,7,0,2.00
206387457.483,0.35,1,7,0,0,0,0,0,0,7,0,2.25
206387457.733,0.85,2,7,0,2,3,0,0,0,7,0,2.50
206387457.983,0.35,1,7,0,0,0,0,0,0,7,0,2.75
206387458.233,0.35,1,7,0,0,0,0,0,0,7,0,3.00
206387458.483,0.35,1,7,0,0,0,0,0,0,7,0,3.25
206387458.733,0.55,1,7,0,0,3,0,0,0,7,0,3.50
206387458.983,0.35,1,7,0,0,0,0,0,0,7,0,3.75
206387459.233,0.35,1,7,0,0,0,0,0,0,7,0,4.00
206387459.483,0.35,1,7,0,0,0,0,0,0,7,0,4.25
206387459.483,0.85,2,7,1,0,3,0,0,0,7,0,0.00
206387459.983,0.35,1,7,0,0,0,0,0,0,7,0,0.50
206387460.233,0.35,1,7,0,0,0,0,0,0,7,0,0.75
206387460.233,0.85,2,7,1,0,3,0,0,0,7,0,0.00
206387461.233,0.35,1,7,0,0,0,0,0,0,7,0,1.00
206387461.483,0.35,1,7,0,0,0,0,0,0,7,0,1.25
206387461.733,0.85,2,7,0,2,3,0,0,0,7,0,1.50
206387461.983,0.35,1,7,0,0,0,0,0,0,7,0,1.75
206387462.233,0.35,1,7,0,0,0,0,0,0,7,0,2.00
206387462.483,0.85,2,7,0,2,3,0,0,0,7,0,2.25
206387462.733,0.35,1,7,0,0,0,0,0,0,7,0,2.50
206387462.983,0.35,1,7,0,0,0,0,0,0,7,0,2.75
206387463.233,0.35,1,7,0,0,0,0,0,0,7,0,3.00
206387463.483,0.35,1,7,0,0,0,0,0,0,7,0,3.25
206387463.733,0.35,1,7,0,0,0,0,0,0,7,0,3.50
206387463.983,0.35,1,7,0,0,0,0,0,0,7,0,3.75
206387464.233,0.35,1,7,0,0,0,0,0,0,7,0,4.00
206387464.233,0.85,2,7,1,0,3,0,0,0,7,0,0.00
206387464.233,0.85,2,7,1,0,3,0,0,0,7,0,0.00
206387464.983,0.35,1,7,0,0,0,0,0,0,7,0,0.75
206387465.233,0.35,1,7,0,0,0,0,0,0,7,0,1.00
206387465.233,0.85,2,7,1,0,3,0,0,0,7,0,0.00
206387465.733,0.35,1,7,0,0,0,0,0,0,7,0,0.50
206387465.983,0.35,1,7,0,0,0,0,0,0,7,0,0.75
206387466.233,0.35,1,7,0,0,0,0,0,0,7,0,1.00
206387466.483,0.85,2,7,0,2,3,0,0,0,7,0,1.25
206387466.733,0.35,1,7,0,0,0,0,0,0,7,0,1.50
206387466.983,0.35,1,7,0,0,0,0,0,0,7,0,1.75
206387467.233,0.35,1,7,0,0,0,0,0,0,7,0,2.00
206387467.483,0.35,1,7,0,0,0,0,0,0,7,0,2.25
206387467.733,0.35,1,7,0,0,0,0,0,0,7,0,2.50
206387467.983,0.35,1,7,0,0,0,0,0,0,7,0,2.75
206387468.233,0.55,1,7,0,0,3,0,0,0,7,0,3.00
206387468.483,0.35,1,7,0,0,0,0,0,0,7,0,3.25
206387468.733,0.35,1,7,0,0,0,0,0,0,7,0,3.50
206387468.983,0.35,1,7,0,0,0,0,0,0,7,0,3.75
206387469.233,0.35,1,7,0,0,0,0,0,0,7,0,4.00
206387469.233,0.85,2,7,1,0,3,0,0,0,7,0,0.00
206387469.733,0.35,1,7,0,0,0,0,0,0,7,0,0.50
206387469.983,0.35,1,7,0,0,0,0,0,0,7,0,0.75
206387470.233,0.35,1,7,0,0,0,0,0,0,7,0,1.00
206387470.483,0.35,1,7,0,0,0,0,0,0,7,0,1.25
206387470.483,0.85,2,7,1,0,3,0,0,0,7,0,0.00
206387470.983,0.35,1,7,0,0,0,0,0,0,7,0,0.50
206387471.233,0.35,1,7,0,0,0,0,0,0,7,0,0.75
206387471.483,0.55,1,7,0,0,3,0,0,0,7,0,1.00
206387471.733,0.35,1,7,0,0,0,0,0,0,7,0,1.25
206387471.983,0.35,1,7,0,0,0,0,0,0,7,0,1.50
206387472.233,0.35,1,7,0,0,0,0,0,0,7,0,1.75
206387472.483,0.35,1,7,0,0,0,0,0,0,7,0,2.00
206387472.733,0.35,1,7,0,0,0,0,0,0,7,0,2.25
206387472.983,0.35,1,7,0,0,0,0,0,0,7,0,2.50
206387473.233,0.55,1,7,0,0,3,0,0,0,7,0,2.75
206387473.483,0.35,1,7,0,0,0,0,0,0,7,0,3.00
206387473.733,0.35,1,7,0,0,0,0,0,0,7,0,3.25
206387473.983,0.35,1,7,0,0,0,0,0,0,7,0,3.50
206387474.233,0.35,1,7,0,0,0,0,0,0,7,0,3.75
206387474.233,0.85,2,7,1,0,3,0,0,0,7,0,0.00
206387474.233,0.85,2,7,1,0,3,0,0,0,7,0,0.00
206387474.983,0.35,1,7,0,0,0,0,0,0,7,0,0.75
206387475.233,0.35,1,7,0,0,0,0,0,0,7,0,1.00
206387475.483,0.35,1,7,0,0,0,0,0,0,7,0,1.25
206387475.733,0.35,1,7,0,0,0,0,0,0,7,0,1.50
206387475.983,0.35,1,7,0,0,0,0,0,0,7,0,1.75
206387476.233,0.35,1,7,0,0,0,0,0,0,7,0,2.00
206387476.483,0.35,1,7,0,0,0,0,0,0,7,0,2.25
206387476.733,0.35,1,7,0,0,0,0,0,0,7,0,2.50
206387476.983,0.35,1,7,0,0,0,0,0,0,7,0,2.75
206387477.233,0.35,1,7,0,0,0,0,0,0,7,0,3.00
206387477.483,0.35,1,7,0,0,0,0,0,0,7,0,3.25
206387477.733,0.35,1,7,0,0,0,0,0,0,7,0,3.50
206387477.983,0.35,1,7,0,0,0,0,0,0,7,0,3.75
206387478.233,0.35,1,7,0,0,0,0,0,0,7,0,4.00
206387478.483,0.35,1,7,0,0,0,0,0,0,7,0,4.25
206387478.733,0.85,2,7,0,2,3,0,0,0,7,0,4.50
206387478.983,0.35,1,7,0,0,0,0,0,0,7,0,4.75
206387479.233,0.70,2,8,0,0,0,0,0,0,7,8,5.00
206387479.483,0.70,2,8,0,0,0,0,0,0,7,8,5.25
206387479.483,0.85,2,7,1,0,3,0,0,0,7,0,0.00
206387479.983,0.35,1,7,0,0,0,0,0,0,7,0,0.50
206387480.233,0.35,1,7,0,0,0,0,0,0,7,0,0.75
206387480.483,0.35,1,7,0,0,0,0,0,0,7,0,1.00
206387480.983,0.35,1,7,0,0,0,0,0,0,7,0,1.50
206387481.233,0.35,1,7,0,0,0,0,0,0,7,0,1.75
206387481.483,0.55,1,7,0,0,3,0,0,0,7,0,2.00
206387481.733,0.35,1,7,0,0,0,0,0,0,7,0,2.25
206387481.983,0.35,1,7,0,0,0,0,0,0,7,0,2.50
206387482.233,0.35,1,7,0,0,0,0,0,0,7,0,2.75
206387482.483,0.35,1,7,0,0,0,0,0,0,7,0,3.00
206387482.733,0.35,1,7,0,0,0,0,0,0,7,0,3.25
206387482.983,0.35,1,7,0,0,0,0,0,0,7,0,3.50
206387483.233,0.35,1,7,0,0,0,0,0,0,7,0,3.75
206387483.483,0.35,1,7,0,0,0,0,0,0,7,0,4.00
206387483.733,0.35,1,7,0,0,0,0,0,0,7,0,4.25
206387483.983,0.35,1,7,0,0,0,0,0,0,7,0,4.50
206387484.233,0.35,1,7,0,0,0,0,0,0,7,0,4.75
206387484.483,0.70,2,8,0,0,0,0,0,0,7,8,5.00
206387484.483,0.85,2,7,1,0,3,0,0,0,7,0,0.00
206387484.983,0.35,1,7,0,0,0,0,0,0,7,0,0.50
206387484.983,0.85,2,7,1,0,3,0,0,0,7,0,0.00
206387484.983,0.85,2,7,1,0,3,0,0,0,7,0,0.00
206387485.983,0.35,1,7,0,0,0,0,0,0,7,0,1.00
206387486.233,0.35,1,7,0,0,0,0,0,0,7,0,1.25
206387486.483,0.35,1,7,0,0,0,0,0,0,7,0,1.50
206387486.733,0.35,1,7,0,0,0,0,0,0,7,0,1.75
206387486.983,0.35,1,7,0,0,0,0,0,0,7,0,2.00
206387487.233,0.35,1,7,0,0,0,0,0,0,7,0,2.25
206387487.483,0.35,1,7,0,0,0,0,0,0,7,0,2.50
206387487.733,0.35,1,7,0,0,0,0,0,0,7,0,2.75
206387487.983,0.35,1,7,0,0,0,0,0,0,7,0,3.00
206387488.233,0.35,1,7,0,0,0,0,0,0,7,0,3.25
206387488.483,0.35,1,7,0,0,0,0,0,0,7,0,3.50
206387488.733,0.35,1,7,0,0,0,0,0,0,7,0,3.75
206387488.983,0.35,1,7,0,0,0,0,0,0,7,0,4.00
206387489.233,0.35,1,7,0,0,0,0,0,0,7,0,4.25
206387489.733,0.35,1,7,0,0,0,0,0,0,7,0,4.75
206387489.983,0.70,2,8,0,0,0,0,0,0,7,8,5.00
206387489.983,0.85,2,7,1,0,3,0,0,0,7,0,0.00
206387489.983,0.85,2,7,1,0,3,0,0,0,7,0,0.00
206387490.733,0.35,1,7,0,0,0,0,0,0,7,0,0.75
206387490.983,0.35,1,7,0,0,0,0,0,0,7,0,1.00
206387491.233,0.35,1,7,0,0,0,0,0,0,7,0,1.25
206387491.483,0.85,2,7,0,2,3,0,0,0,7,0,1.50
206387491.733,0.35,1,7,0,0,0,0,0,0,7,0,1.75
206387491.983,0.35,1,7,0,0,0,0,0,0,7,0,2.00
206387492.233,0.35,1,7,0,0,0,0,0,0,7,0,2.25
206387492.483,0.35,1,7,0,0,0,0,0,0,7,0,2.50
206387492.733,0.35,1,7,0,0,0,0,0,0,7,0,2.75
206387492.983,0.35,1,7,0,0,0,0,0,0,7,0,3.00
206387493.233,0.55,1,7,0,0,3,0,0,0,7,0,3.25
206387493.483,0.35,1,7,0,0,0,0,0,0,7,0,3.50
206387493.733,0.35,1,7,0,0,0,0,0,0,7,0,3.75
206387493.983,0.35,1,7,0,0,0,0,0,0,7,0,4.00
206387494.233,0.55,1,7,0,0,3,0,0,0,7,0,4.25
206387494.483,0.35,1,7,0,0,0,0,0,0,7,0,4.50
206387494.733,0.35,1,7,0,0,0,0,0,0,7,0,4.75
206387494.983,0.70,2,8,0,0,0,0,0,0,7,8,5.00
206387494.983,0.85,2,7,1,0,3,0,0,0,7,0,0.00
206387495.733,0.35,1,7,0,0,0,0,0,0,7,0,0.75
206387495.983,0.35,1,7,0,0,0,0,0,0,7,0,1.00
206387496.233,0.35,1,7,0,0,0,0,0,0,7,0,1.25
206387496.483,0.35,1,7,0,0,0,0,0,0,7,0,1.50
206387496.733,0.35,1,7,0,0,0,0,0,0,7,0,1.75
206387496.983,0.35,1,7,0,0,0,0,0,0,7,0,2.00
206387497.233,0.35,1,7,0,0,0,0,0,0,7,0,2.25
206387497.483,0.35,1,7,0,0,0,0,0,0,7,0,2.50
206387497.733,0.35,1,7,0,0,0,0,0,0,7,0,2.75
206387497.983,0.35,1,7,0,0,0,0,0,0,7,0,3.00
206387498.233,0.35,1,7,0,0,0,0,0,0,7,0,3.25
206387498.483,0.55,1,7,0,0,3,0,0,0,7,0,3.50
206387498.733,0.35,1,7,0,0,0,0,0,0,7,0,3.75
206387498.733,0.85,2,7,1,0,3,0,0,0,7,0,0.00
206387499.483,0.35,1,7,0,0,0,0,0,0,7,0,0.75
206387499.733,0.35,1,7,0,0,0,0,0,0,7,0,1.00
206387499.983,0.35,1,7,0,0,0,0,0,0,7,0,1.25
206387499.983,0.85,2,7,1,0,3,0,0,0,7,0,0.00
206387500.483,0.35,1,7,0,0,0,0,0,0,7,0,0.50
206387500.733,0.35,1,7,0,0,0,0,0,0,7,0,0.75
206387500.983,0.35,1,7,0,0,0,0,0,0,7,0,1.00
206387501.233,0.35,1,7,0,0,0,0,0,0,7,0,1.25
206387501.483,0.35,1,7,0,0,0,0,0,0,7,0,1.50
206387501.733,0.35,1,7,0,0,0,0,0,0,7,0,1.75
206387501.983,0.85,2,7,0,2,3,0,0,0,7,0,2.00
206387502.233,0.35,1,7,0,0,0,0,0,0,7,0,2.25
206387502.483,0.35,1,7,0,0,0,0,0,0,7,0,2.50
206387502.733,0.35,1,7,0,0,0,0,0,0,7,0,2.75
206387502.983,0.35,1,7,0,0,0,0,0,0,7,0,3.00
206387503.233,0.35,1,7,0,0,0,0,0,0,7,0,3.25
206387503.483,0.35,1,7,0,0,0,0,0,0,7,0,3.50
206387503.483,0.85,2,7,1,0,3,0,0,0,7,0,0.00
206387503.483,0.85,2,7,1,0,3,0,0,0,7,0,0.00
206387504.233,0.35,1,7,0,0,0,0,0,0,7,0,0.75
206387504.483,0.35,1,7,0,0,0,0,0,0,7,0,1.00
206387504.733,0.35,1,7,0,0,0,0,0,0,7,0,1.25
206387504.983,0.35,1,7,0,0,0,0,0,0,7,0,1.50
206387504.983,0.85,2,7,1,0,3,0,0,0,7,0,0.00
206387504.983,0.85,2,7,1,0,3,0,0,0,7,0,0.00
206387505.733,0.35,1,7,0,0,0,0,0,0,7,0,0.75
206387505.983,0.35,1,7,0,0,0,0,0,0,7,0,1.00
206387506.233,0.35,1,7,0,0,0,0,0,0,7,0,1.25
206387506.483,0.85,2,7,0,2,3,0,0,0,7,0,1.50
206387506.733,0.35,1,7,0,0,0,0,0,0,7,0,1.75
206387506.983,0.35,1,7,0,0,0,0,0,0,7,0,2.00
206387507.233,0.35,1,7,0,0,0,0,0,0,7,0,2.25
206387507.483,0.35,1,7,0,0,0,0,0,0,7,0,2.50
206387507.733,0.35,1,7,0,0,0,0,0,0,7,0,2.75
206387507.983,0.35,1,7,0,0,0,0,0,0,7,0,3.00
206387508.233,0.35,1,7,0,0,0,0,0,0,7,0,3.25
206387508.483,0.35,1,7,0,0,0,0,0,0,7,0,3.50
206387508.733,0.35,1,7,0,0,0,0,0,0,7,0,3.75
206387509.483,0.35,1,7,0,0,0,0,0,0,7,0,4.50
206387509.733,0.35,1,7,0,0,0,0,0,0,7,0,4.75
206387509.983,0.70,2,8,0,0,0,0,0,0,7,8,5.00
206387510.233,0.90,2,8,0,0,3,0,0,0,7,8,5.25
206387510.483,0.70,2,8,0,0,0,0,0,0,7,8,5.50
206387510.733,0.70,2,8,0,0,0,0,0,0,7,8,5.75
206387510.983,1.19,2,8,0,2,3,0,0,0,7,8,6.00
206387511.233,0.70,2,8,0,0,0,0,0,0,7,8,6.25
206387511.483,0.70,2,8,0,0,0,0,0,0,7,8,6.50
206387511.733,0.70,2,8,0,0,0,0,0,0,7,8,6.75
206387511.983,1.19,2,8,0,2,3,0,0,0,7,8,7.00
206387512.233,0.70,2,8,0,0,0,0,0,0,7,8,7.25
206387512.483,0.70,2,8,0,0,0,0,0,0,7,8,7.50
206387512.733,0.70,2,8,0,0,0,0,0,0,7,8,7.75
206387512.983,0.70,2,8,0,0,0,0,0,0,7,8,8.00
206387513.233,0.70,2,8,0,0,0,0,0,0,7,8,8.25
206387513.733,0.70,2,8,0,0,0,0,0,0,7,8,8.75
206387513.983,0.70,2,8,0,0,0,0,0,0,7,8,9.00
206387514.233,0.70,2,8,0,0,0,0,0,0,7,8,9.25
206387514.483,0.70,2,8,0,0,0,0,0,0,7,8,9.50
206387514.733,1.19,2,8,0,2,3,0,0,0,7,8,9.75
206387514.983,0.70,2,8,0,0,0,0,0,0,7,8,10.00
206387515.233,0.70,2,8,0,0,0,0,0,0,7,8,10.25
206387515.483,0.70,2,8,0,0,0,0,0,0,7,8,10.50
206387515.733,0.70,2,8,0,0,0,0,0,0,7,8,10.75
206387515.983,0.70,2,8,0,0,0,0,0,0,7,8,11.00
206387516.233,0.70,2,8,0,0,0,0,0,0,7,8,11.25
206387516.483,0.70,2,8,0,0,0,0,0,0,7,8,11.50
206387516.733,0.90,2,8,0,0,3,0,0,0,7,8,11.75
206387516.983,0.70,2,8,0,0,0,0,0,0,7,8,12.00
206387517.233,0.70,2,8,0,0,0,0,0,0,7,8,12.25
206387517.483,1.19,2,8,0,2,3,0,0,0,7,8,12.50
206387517.733,0.70,2,8,0,0,0,0,0,0,7,8,12.75
206387517.983,0.70,2,8,0,0,0,0,0,0,7,8,13.00
206387518.233,0.70,2,8,0,0,0,0,0,0,7,8,13.25
206387518.233,0.85,2,7,1,0,3,0,0,0,7,0,0.00
206387518.983,0.35,1,7,0,0,0,0,0,0,7,0,0.75
206387519.233,0.35,1,7,0,0,0,0,0,0,7,0,1.00
206387519.483,0.55,1,7,0,0,3,0,0,0,7,0,1.25
206387519.733,0.35,1,7,0,0,0,0,0,0,7,0,1.50
206387519.983,0.35,1,7,0,0,0,0,0,0,7,0,1.75
206387520.233,0.35,1,7,0,0,0,0,0,0,7,0,2.00
206387520.483,0.35,1,7,0,0,0,0,0,0,7,0,2.25
206387520.733,0.35,1,7,0,0,0,0,0,0,7,0,2.50
206387520.983,0.35,1,7,0,0,0,0,0,0,7,0,2.75
206387521.233,0.85,2,7,0,2,3,0,0,0,7,0,3.00
206387521.483,0.35,1,7,0,0,0,0,0,0,7,0,3.25
206387521.733,0.35,1,7,0,0,0,0,0,0,7,0,3.50
206387521.983,0.35,1,7,0,0,0,0,0,0,7,0,3.75
206387522.233,0.85,2,7,0,2,3,0,0,0,7,0,4.00
206387522.483,0.35,1,7,0,0,0,0,0,0,7,0,4.25
206387522.733,0.35,1,7,0,0,0,0,0,0,7,0,4.50
206387522.983,0.35,1,7,0,0,0,0,0,0,7,0,4.75
206387523.233,1.19,2,8,0,2,3,0,0,0,7,8,5.00
206387523.233,0.85,2,7,1,0,3,0,0,0,7,0,0.00
206387523.733,0.35,1,7,0,0,0,0,0,0,7,0,0.50
206387523.983,0.35,1,7,0,0,0,0,0,0,7,0,0.75
206387524.233,0.55,1,7,0,0,3,0,0,0,7,0,1.00
206387524.483,0.35,1,7,0,0,0,0,0,0,7,0,1.25
206387524.733,0.35,1,7,0,0,0,0,0,0,7,0,1.50
206387524.983,0.35,1,7,0,0,0,0,0,0,7,0,1.75
206387525.233,0.55,1,7,0,0,3,0,0,0,7,0,2.00
206387525.483,0.35,1,7,0,0,0,0,0,0,7,0,2.25
206387525.733,0.35,1,7,0,0,0,0,0,0,7,0,2.50
206387525.983,0.35,1,7,0,0,0,0,0,0,7,0,2.75
206387526.233,0.35,1,7,0,0,0,0,0,0,7,0,3.00
206387526.483,0.35,1,7,0,0,0,0,0,0,7,0,3.25
206387526.733,0.35,1,7,0,0,0,0,0,0,7,0,3.50
206387526.983,0.85,2,7,0,2,3,0,0,0,7,0,3.75
206387527.233,0.35,1,7,0,0,0,0,0,0,7,0,4.00
206387527.483,0.35,1,7,0,0,0,0,0,0,7,0,4.25
206387527.733,0.35,1,7,0,0,0,0,0,0,7,0,4.50
206387527.733,0.85,2,7,1,0,3,0,0,0,7,0,0.00
206387528.233,0.35,1,7,0,0,0,0,0,0,7,0,0.50
206387528.483,0.35,1,7,0,0,0,0,0,0,7,0,0.75
206387528.733,0.35,1,7,0,0,0,0,0,0,7,0,1.00
206387528.983,0.85,2,7,0,2,3,0,0,0,7,0,1.25
206387529.233,0.35,1,7,0,0,0,0,0,0,7,0,1.50
206387529.483,0.35,1,7,0,0,0,0,0,0,7,0,1.75
206387529.733,0.35,1,7,0,0,0,0,0,0,7,0,2.00
206387529.983,0.85,2,7,0,2,3,0,0,0,7,0,2.25
206387530.233,0.35,1,7,0,0,0,0,0,0,7,0,2.50
206387530.483,0.35,1,7,0,0,0,0,0,0,7,0,2.75
206387530.733,0.35,1,7,0,0,0,0,0,0,7,0,3.00
206387530.983,0.85,2,7,0,2,3,0,0,0,7,0,3.25
206387531.233,0.35,1,7,0,0,0,0,0,0,7,0,3.50
206387531.483,0.35,1,7,0,0,0,0,0,0,7,0,3.75
206387531.733,0.35,1,7,0,0,0,0,0,0,7,0,4.00
206387531.983,0.35,1,7,0,0,0,0,0,0,7,0,4.25
206387532.233,0.35,1,7,0,0,0,0,0,0,7,0,4.50
206387532.483,0.35,1,7,0,0,0,0,0,0,7,0,4.75
206387532.733,0.70,2,8,0,0,0,0,0,0,7,8,5.00
206387533.233,0.70,2,8,0,0,0,0,0,0,7,8,5.50
206387533.483,0.70,2,8,0,0,0,0,0,0,7,8,5.75
206387533.733,0.70,2,8,0,0,0,0,0,0,7,8,6.00
206387533.983,0.70,2,8,0,0,0,0,0,0,7,8,6.25
206387534.233,0.70,2,8,0,0,0,0,0,0,7,8,6.50
206387534.483,0.70,2,8,0,0,0,0,0,0,7,8,6.75
206387534.733,0.70,2,8,0,0,0,0,0,0,7,8,7.00
206387534.983,0.70,2,8,0,0,0,0,0,0,7,8,7.25
206387535.233,0.70,2,8,0,0,0,0,0,0,7,8,7.50
206387535.483,0.70,2,8,0,0,0,0,0,0,7,8,7.75
206387535.733,0.70,2,8,0,0,0,0,0,0,7,8,8.00
206387535.983,0.70,2,8,0,0,0,0,0,0,7,8,8.25
206387536.233,0.70,2,8,0,0,0,0,0,0,7,8,8.50
206387536.483,0.70,2,8,0,0,0,0,0,0,7,8,8.75
206387536.733,0.70,2,8,0,0,0,0,0,0,7,8,9.00
206387536.983,0.70,2,8,0,0,0,0,0,0,7,8,9.25
206387537.233,0.70,2,8,0,0,0,0,0,0,7,8,9.50
206387537.483,0.70,2,8,0,0,0,0,0,0,7,8,9.75
206387537.733,0.70,2,8,0,0,0,0,0,0,7,8,10.00
206387537.983,0.70,2,8,0,0,0,0,0,0,7,8,10.25
206387538.233,0.70,2,8,0,0,0,0,0,0,7,8,10.50
206387538.483,0.70,2,8,0,0,0,0,0,0,7,8,10.75
206387538.733,0.70,2,8,0,0,0,0,0,0,7,8,11.00
206387539.233,0.70,2,8,0,0,0,0,0,0,7,8,11.50
206387539.483,0.70,2,8,0,0,0,0,0,0,7,8,11.75
206387539.733,0.70,2,8,0,0,0,0,0,0,7,8,12.00
206387539.983,0.70,2,8,0,0,0,0,0,0,7,8,12.25
206387540.233,0.70,2,8,0,0,0,0,0,0,7,8,12.50
206387540.483,0.70,2,8,0,0,0,0,0,0,7,8,12.75
206387540.733,0.70,2,8,0,0,0,0,0,0,7,8,13.00
206387540.983,0.70,2,8,0,0,0,0,0,0,7,8,13.25
206387541.233,0.70,2,8,0,0,0,0,0,0,7,8,13.50
206387541.483,0.70,2,8,0,0,0,0,0,0,7,8,13.75
206387541.733,0.70,2,8,0,0,0,0,0,0,7,8,14.00
206387541.983,1.19,2,8,0,2,3,0,0,0,7,8,14.25
206387542.233,0.70,2,8,0,0,0,0,0,0,7,8,14.50
206387542.483,0.70,2,8,0,0,0,0,0,0,7,8,14.75
206387542.733,0.70,2,8,0,0,0,0,0,0,7,8,15.00
206387542.983,1.19,2,8,0,2,3,0,0,0,7,8,15.25
206387543.233,0.70,2,8,0,0,0,0,0,0,7,8,15.50
206387543.483,0.70,2,8,0,0,0,0,0,0,7,8,15.75
206387543.983,0.70,2,8,0,0,0,0,0,0,7,8,16.25
206387544.233,0.70,2,8,0,0,0,0,0,0,7,8,16.50
206387544.483,0.70,2,8,0,0,0,0,0,0,7,8,16.75
206387544.733,0.70,2,8,0,0,0,0,0,0,7,8,17.00
206387544.983,1.19,2,8,0,2,3,0,0,0,7,8,17.25
206387545.233,0.70,2,8,0,0,0,0,0,0,7,8,17.50
206387545.483,0.70,2,8,0,0,0,0,0,0,7,8,17.75
206387545.733,0.70,2,8,0,0,0,0,0,0,7,8,18.00
206387545.983,0.90,2,8,0,0,3,0,0,0,7,8,18.25
206387546.233,0.70,2,8,0,0,0,0,0,0,7,8,18.50
206387546.483,0.70,2,8,0,0,0,0,0,0,7,8,18.75
206387546.733,0.70,2,8,0,0,0,0,0,0,7,8,19.00
206387546.983,0.70,2,8,0,0,0,0,0,0,7,8,19.25
206387547.233,0.70,2,8,0,0,0,0,0,0,7,8,19.50
206387547.483,0.70,2,8,0,0,0,0,0,0,7,8,19.75
206387547.733,0.70,2,8,0,0,0,0,0,0,7,8,20.00
206387547.733,0.85,2,7,1,0,3,0,0,0,7,0,0.00
206387548.233,0.35,1,7,0,0,0,0,0,0,7,0,0.50
206387548.483,0.35,1,7,0,0,0,0,0,0,7,0,0.75
206387548.733,0.35,1,7,0,0,0,0,0,0,7,0,1.00
206387548.983,0.35,1,7,0,0,0,0,0,0,7,0,1.25
206387549.233,0.35,1,7,0,0,0,0,0,0,7,0,1.50
206387549.483,0.35,1,7,0,0,0,0,0,0,7,0,1.75
206387549.733,0.35,1,7,0,0,0,0,0,0,7,0,2.00
206387549.983,0.35,1,7,0,0,0,0,0,0,7,0,2.25
206387550.233,0.85,2,7,0,2,3,0,0,0,7,0,2.50
206387550.483,0.35,1,7,0,0,0,0,0,0,7,0,2.75
206387550.733,0.35,1,7,0,0,0,0,0,0,7,0,3.00
206387550.983,0.35,1,7,0,0,0,0,0,0,7,0,3.25
206387551.233,0.85,2,7,0,2,3,0,0,0,7,0,3.50
206387551.483,0.35,1,7,0,0,0,0,0,0,7,0,3.75
206387551.733,0.35,1,7,0,0,0,0,0,0,7,0,4.00
206387551.983,0.35,1,7,0,0,0,0,0,0,7,0,4.25
206387552.233,0.35,1,7,0,0,0,0,0,0,7,0,4.50
206387552.483,0.55,1,7,0,0,3,0,0,0,7,0,4.75
206387552.733,0.70,2,8,0,0,0,0,0,0,7,8,5.00
206387552.733,0.85,2,7,1,0,3,0,0,0,7,0,0.00
206387553.233,0.35,1,7,0,0,0,0,0,0,7,0,0.50
206387553.483,0.35,1,7,0,0,0,0,0,0,7,0,0.75
206387553.733,0.35,1,7,0,0,0,0,0,0,7,0,1.00
206387553.983,0.35,1,7,0,0,0,0,0,0,7,0,1.25
206387554.233,0.35,1,7,0,0,0,0,0,0,7,0,1.50
206387554.483,0.85,2,7,0,2,3,0,0,0,7,0,1.75
206387554.733,0.35,1,7,0,0,0,0,0,0,7,0,2.00
206387554.983,0.35,1,7,0,0,0,0,0,0,7,0,2.25
206387555.233,0.35,1,7,0,0,0,0,0,0,7,0,2.50
206387555.483,0.85,2,7,0,2,3,0,0,0,7,0,2.75
206387555.733,0.35,1,7,0,0,0,0,0,0,7,0,3.00
206387555.983,0.35,1,7,0,0,0,0,0,0,7,0,3.25
206387556.233,0.35,1,7,0,0,0,0,0,0,7,0,3.50
206387556.483,0.35,1,7,0,0,0,0,0,0,7,0,3.75
206387556.733,0.35,1,7,0,0,0,0,0,0,7,0,4.00
206387556.983,0.35,1,7,0,0,0,0,0,0,7,0,4.25
206387556.983,0.85,2,7,1,0,3,0,0,0,7,0,0.00
206387557.483,0.35,1,7,0,0,0,0,0,0,7,0,0.50
206387557.733,0.85,2,7,0,2,3,0,0,0,7,0,0.75
206387557.983,0.35,1,7,0,0,0,0,0,0,7,0,1.00
206387558.233,0.35,1,7,0,0,0,0,0,0,7,0,1.25
206387558.483,0.35,1,7,0,0,0,0,0,0,7,0,1.50
206387558.733,0.85,2,7,0,2,3,0,0,0,7,0,1.75
206387558.983,0.35,1,7,0,0,0,0,0,0,7,0,2.00
206387559.233,0.35,1,7,0,0,0,0,0,0,7,0,2.25
206387559.483,0.35,1,7,0,0,0,0,0,0,7,0,2.50
206387559.733,0.35,1,7,0,0,0,0,0,0,7,0,2.75
206387559.983,0.35,1,7,0,0,0,0,0,0,7,0,3.00
206387560.233,0.35,1,7,0,0,0,0,0,0,7,0,3.25
206387560.483,0.35,1,7,0,0,0,0,0,0,7,0,3.50
206387560.733,0.35,1,7,0,0,0,0,0,0,7,0,3.75
206387560.983,0.85,2,7,0,2,3,0,0,0,7,0,4.00
206387560.983,0.85,2,7,1,0,3,0,0,0,7,0,0.00
206387561.483,0.35,1,7,0,0,0,0,0,0,7,0,0.50
206387561.733,0.35,1,7,0,0,0,0,0,0,7,0,0.75
206387561.983,0.35,1,7,0,0,0,0,0,0,7,0,1.00
206387562.233,0.55,1,7,0,0,3,0,0,0,7,0,1.25
206387562.483,0.35,1,7,0,0,0,0,0,0,7,0,1.50
206387562.733,0.35,1,7,0,0,0,0,0,0,7,0,1.75
206387562.983,0.35,1,7,0,0,0,0,0,0,7,0,2.00
206387563.233,0.35,1,7,0,0,0,0,0,0,7,0,2.25
206387563.483,0.35,1,7,0,0,0,0,0,0,7,0,2.50
206387563.733,0.35,1,7,0,0,0,0,0,0,7,0,2.75
206387563.983,0.35,1,7,0,0,0,0,0,0,7,0,3.00
206387564.233,0.35,1,7,0,0,0,0,0,0,7,0,3.25
206387564.483,0.55,1,7,0,0,3,0,0,0,7,0,3.50
206387564.733,0.35,1,7,0,0,0,0,0,0,7,0,3.75
206387565.483,0.35,1,7,0,0,0,0,0,0,7,0,4.50
206387565.733,0.35,1,7,0,0,0,0,0,0,7,0,4.75
206387565.983,0.70,2,8,0,0,0,0,0,0,7,8,5.00
206387566.233,0.70,2,8,0,0,0,0,0,0,7,8,5.25
206387566.233,0.85,2,7,1,0,3,0,0,0,7,0,0.00
206387566.733,0.35,1,7,0,0,0,0,0,0,7,0,0.50
206387566.983,0.35,1,7,0,0,0,0,0,0,7,0,0.75
206387567.233,0.35,1,7,0,0,0,0,0,0,7,0,1.00
206387567.483,0.35,1,7,0,0,0,0,0,0,7,0,1.25
206387567.733,0.35,1,7,0,0,0,0,0,0,7,0,1.50
206387567.983,0.35,1,7,0,0,0,0,0,0,7,0,1.75
206387568.233,0.35,1,7,0,0,0,0,0,0,7,0,2.00
206387568.483,0.35,1,7,0,0,0,0,0,0,7,0,2.25
206387568.733,0.35,1,7,0,0,0,0,0,0,7,0,2.50
206387568.983,0.35,1,7,0,0,0,0,0,0,7,0,2.75
206387569.233,0.35,1,7,0,0,0,0,0,0,7,0,3.00
206387569.483,0.35,1,7,0,0,0,0,0,0,7,0,3.25
206387569.733,0.35,1,7,0,0,0,0,0,0,7,0,3.50
206387569.983,0.35,1,7,0,0,0,0,0,0,7,0,3.75
206387569.983,0.85,2,7,1,0,3,0,0,0,7,0,0.00
206387570.983,0.35,1,7,0,0,0,0,0,0,7,0,1.00
206387571.233,0.55,1,7,0,0,3,0,0,0,7,0,1.25
206387571.733,0.35,1,7,0,0,0,0,0,0,7,0,1.75
206387571.983,0.35,1,7,0,0,0,0,0,0,7,0,2.00
206387572.233,0.35,1,7,0,0,0,0,0,0,7,0,2.25
206387572.483,0.35,1,7,0,0,0,0,0,0,7,0,2.50
206387572.733,0.35,1,7,0,0,0,0,0,0,7,0,2.75
206387572.983,0.35,1,7,0,0,0,0,0,0,7,0,3.00
206387573.233,0.35,1,7,0,0,0,0,0,0,7,0,3.25
206387573.483,0.55,1,7,0,0,3,0,0,0,7,0,3.50
206387573.733,0.35,1,7,0,0,0,0,0,0,7,0,3.75
206387573.983,0.35,1,7,0,0,0,0,0,0,7,0,4.00
206387574.233,0.35,1,7,0,0,0,0,0,0,7,0,4.25
206387574.483,0.35,1,7,0,0,0,0,0,0,7,0,4.50
206387574.733,0.85,2,7,0,2,3,0,0,0,7,0,4.75
206387574.983,0.70,2,8,0,0,0,0,0,0,7,8,5.00
206387575.233,0.70,2,8,0,0,0,0,0,0,7,8,5.25
206387575.483,0.70,2,8,0,0,0,0,0,0,7,8,5.50
206387575.983,0.70,2,8,0,0,0,0,0,0,7,8,6.00
206387576.233,0.70,2,8,0,0,0,0,0,0,7,8,6.25
206387576.233,0.85,2,7,1,0,3,0,0,0,7,0,0.00
206387579.733,0.65,2,7,1,0,0,0,0,0,7,0,0.00
206387580.733,0.35,1,7,0,0,0,0,0,0,7,0,1.00
206387580.983,0.35,1,7,0,0,0,0,0,0,7,0,1.25
206387581.233,0.35,1,7,0,0,0,0,0,0,7,0,1.50
206387581.233,0.85,2,7,1,0,3,0,0,0,7,0,0.00
206387581.733,0.35,1,7,0,0,0,0,0,0,7,0,0.50
206387581.983,0.35,1,7,0,0,0,0,0,0,7,0,0.75
206387582.233,0.35,1,7,0,0,0,0,0,0,7,0,1.00
206387582.483,0.35,1,7,0,0,0,0,0,0,7,0,1.25
206387582.733,0.35,1,7,0,0,0,0,0,0,7,0,1.50
206387582.983,0.85,2,7,0,2,3,0,0,0,7,0,1.75
206387583.233,0.35,1,7,0,0,0,0,0,0,7,0,2.00
206387583.483,0.35,1,7,0,0,0,0,0,0,7,0,2.25
206387583.733,0.35,1,7,0,0,0,0,0,0,7,0,2.50
206387583.983,0.35,1,7,0,0,0,0,0,0,7,0,2.75
206387584.233,0.85,2,7,0,2,3,0,0,0,7,0,3.00
206387584.483,0.35,1,7,0,0,0,0,0,0,7,0,3.25
206387584.733,0.35,1,7,0,0,0,0,0,0,7,0,3.50
206387584.983,0.35,1,7,0,0,0,0,0,0,7,0,3.75
206387584.983,0.85,2,7,1,0,3,0,0,0,7,0,0.00
206387585.483,0.35,1,7,0,0,0,0,0,0,7,0,0.50
206387585.733,0.35,1,7,0,0,0,0,0,0,7,0,0.75
206387585.983,0.35,1,7,0,0,0,0,0,0,7,0,1.00
206387586.233,0.35,1,7,0,0,0,0,0,0,7,0,1.25
206387586.483,0.35,1,7,0,0,0,0,0,0,7,0,1.50
206387586.733,0.85,2,7,0,2,3,0,0,0,7,0,1.75
206387586.983,0.35,1,7,0,0,0,0,0,0,7,0,2.00
206387587.233,0.35,1,7,0,0,0,0,0,0,7,0,2.25
206387587.483,0.35,1,7,0,0,0,0,0,0,7,0,2.50
206387587.733,0.35,1,7,0,0,0,0,0,0,7,0,2.75
206387587.983,0.85,2,7,0,2,3,0,0,0,7,0,3.00
206387588.233,0.35,1,7,0,0,0,0,0,0,7,0,3.25
206387588.483,0.35,1,7,0,0,0,0,0,0,7,0,3.50
206387588.733,0.35,1,7,0,0,0,0,0,0,7,0,3.75
206387589.233,0.35,1,7,0,0,0,0,0,0,7,0,4.25
206387589.483,0.35,1,7,0,0,0,0,0,0,7,0,4.50
206387589.733,0.35,1,7,0,0,0,0,0,0,7,0,4.75
206387589.983,0.70,2,8,0,0,0,0,0,0,7,8,5.00
206387590.233,0.70,2,8,0,0,0,0,0,0,7,8,5.25
206387590.483,1.19,2,8,0,2,3,0,0,0,7,8,5.50
206387590.733,0.70,2,8,0,0,0,0,0,0,7,8,5.75
206387590.983,0.70,2,8,0,0,0,0,0,0,7,8,6.00
206387591.233,0.70,2,8,0,0,0,0,0,0,7,8,6.25
206387591.483,0.70,2,8,0,0,0,0,0,0,7,8,6.50
206387591.733,1.19,2,8,0,2,3,0,0,0,7,8,6.75
206387591.983,0.70,2,8,0,0,0,0,0,0,7,8,7.00
206387592.233,0.70,2,8,0,0,0,0,0,0,7,8,7.25
206387592.483,0.70,2,8,0,0,0,0,0,0,7,8,7.50
206387592.733,0.70,2,8,0,0,0,0,0,0,7,8,7.75
206387592.983,1.19,2,8,0,2,3,0,0,0,7,8,8.00
206387592.983,0.85,2,7,1,0,3,0,0,0,7,0,0.00
206387593.733,0.35,1,7,0,0,0,0,0,0,7,0,0.75
206387593.983,0.35,1,7,0,0,0,0,0,0,7,0,1.00
206387594.233,0.85,2,7,0,2,3,0,0,0,7,0,1.25
206387594.483,0.35,1,7,0,0,0,0,0,0,7,0,1.50
206387594.733,0.35,1,7,0,0,0,0,0,0,7,0,1.75
206387594.983,0.35,1,7,0,0,0,0,0,0,7,0,2.00
206387595.233,0.35,1,7,0,0,0,0,0,0,7,0,2.25
206387595.483,0.85,2,7,0,2,3,0,0,0,7,0,2.50
206387595.733,0.35,1,7,0,0,0,0,0,0,7,0,2.75
206387595.983,0.35,1,7,0,0,0,0,0,0,7,0,3.00
206387596.233,0.35,1,7,0,0,0,0,0,0,7,0,3.25
206387596.483,0.35,1,7,0,0,0,0,0,0,7,0,3.50
206387596.733,0.35,1,7,0,0,0,0,0,0,7,0,3.75
206387596.983,0.35,1,7,0,0,0,0,0,0,7,0,4.00
206387597.233,0.35,1,7,0,0,0,0,0,0,7,0,4.25
206387597.483,0.35,1,7,0,0,0,0,0,0,7,0,4.50
206387597.733,0.35,1,7,0,0,0,0,0,0,7,0,4.75
206387597.983,0.70,2,8,0,0,0,0,0,0,7,8,5.00
206387598.233,0.70,2,8,0,0,0,0,0,0,7,8,5.25
206387598.483,0.70,2,8,0,0,0,0,0,0,7,8,5.50
206387598.733,0.70,2,8,0,0,0,0,0,0,7,8,5.75
206387598.983,0.70,2,8,0,0,0,0,0,0,7,8,6.00
206387599.233,0.70,2,8,0,0,0,0,0,0,7,8,6.25
206387599.483,0.90,2,8,0,0,3,0,0,0,7,8,6.50
206387599.733,0.70,2,8,0,0,0,0,0,0,7,8,6.75
206387599.983,0.70,2,8,0,0,0,0,0,0,7,8,7.00
206387600.233,0.70,2,8,0,0,0,0,0,0,7,8,7.25
206387600.483,0.70,2,8,0,0,0,0,0,0,7,8,7.50
206387600.733,0.70,2,8,0,0,0,0,0,0,7,8,7.75
206387600.983,1.19,2,8,0,2,3,0,0,0,7,8,8.00
206387601.233,0.70,2,8,0,0,0,0,0,0,7,8,8.25
206387601.483,0.70,2,8,0,0,0,0,0,0,7,8,8.50
206387601.733,0.70,2,8,0,0,0,0,0,0,7,8,8.75
206387601.733,0.85,2,7,1,0,3,0,0,0,7,0,0.00
206387602.233,0.35,1,7,0,0,0,0,0,0,7,0,0.50
206387602.483,0.35,1,7,0,0,0,0,0,0,7,0,0.75
206387602.733,0.35,1,7,0,0,0,0,0,0,7,0,1.00
206387602.983,0.35,1,7,0,0,0,0,0,0,7,0,1.25
206387603.233,0.35,1,7,0,0,0,0,0,0,7,0,1.50
206387603.483,0.85,2,7,0,2,3,0,0,0,7,0,1.75
206387603.733,0.35,1,7,0,0,0,0,0,0,7,0,2.00
206387603.983,0.35,1,7,0,0,0,0,0,0,7,0,2.25
206387604.233,0.35,1,7,0,0,0,0,0,0,7,0,2.50
206387604.483,0.35,1,7,0,0,0,0,0,0,7,0,2.75
206387604.733,0.35,1,7,0,0,0,0,0,0,7,0,3.00
206387604.983,0.85,2,7,0,2,3,0,0,0,7,0,3.25
206387605.233,0.35,1,7,0,0,0,0,0,0,7,0,3.50
206387605.483,0.35,1,7,0,0,0,0,0,0,7,0,3.75
206387605.733,0.35,1,7,0,0,0,0,0,0,7,0,4.00
206387605.983,0.35,1,7,0,0,0,0,0,0,7,0,4.25
206387606.233,0.85,2,7,0,2,3,0,0,0,7,0,4.50
206387606.483,0.35,1,7,0,0,0,0,0,0,7,0,4.75
206387606.733,0.70,2,8,0,0,0,0,0,0,7,8,5.00
206387606.983,0.70,2,8,0,0,0,0,0,0,7,8,5.25
206387607.233,0.70,2,8,0,0,0,0,0,0,7,8,5.50
206387607.483,0.70,2,8,0,0,0,0,0,0,7,8,5.75
206387607.733,1.19,2,8,0,2,3,0,0,0,7,8,6.00
206387607.983,0.70,2,8,0,0,0,0,0,0,7,8,6.25
206387608.233,0.70,2,8,0,0,0,0,0,0,7,8,6.50
206387608.483,0.70,2,8,0,0,0,0,0,0,7,8,6.75
206387608.733,0.70,2,8,0,0,0,0,0,0,7,8,7.00
206387608.983,0.70,2,8,0,0,0,0,0,0,7,8,7.25
206387609.233,0.90,2,8,0,0,3,0,0,0,7,8,7.50
206387609.483,0.70,2,8,0,0,0,0,0,0,7,8,7.75
206387609.733,0.70,2,8,0,0,0,0,0,0,7,8,8.00
206387609.983,0.70,2,8,0,0,0,0,0,0,7,8,8.25
206387610.233,0.70,2,8,0,0,0,0,0,0,7,8,8.50
206387610.483,0.70,2,8,0,0,0,0,0,0,7,8,8.75
206387610.733,0.70,2,8,0,0,0,0,0,0,7,8,9.00
206387610.983,0.70,2,8,0,0,0,0,0,0,7,8,9.25
206387611.233,0.70,2,8,0,0,0,0,0,0,7,8,9.50
206387611.483,0.70,2,8,0,0,0,0,0,0,7,8,9.75
206387611.733,0.70,2,8,0,0,0,0,0,0,7,8,10.00
206387611.983,0.70,2,8,0,0,0,0,0,0,7,8,10.25
206387612.233,0.70,2,8,0,0,0,0,0,0,7,8,10.50
206387612.733,0.70,2,8,0,0,0,0,0,0,7,8,11.00
206387612.983,0.70,2,8,0,0,0,0,0,0,7,8,11.25
206387613.233,0.70,2,8,0,0,0,0,0,0,7,8,11.50
206387613.483,1.19,2,8,0,2,3,0,0,0,7,8,11.75
206387613.733,0.70,2,8,0,0,0,0,0,0,7,8,12.00
206387613.983,0.70,2,8,0,0,0,0,0,0,7,8,12.25
206387614.233,0.70,2,8,0,0,0,0,0,0,7,8,12.50
206387614.483,0.70,2,8,0,0,0,0,0,0,7,8,12.75
206387614.733,0.90,2,8,0,0,3,0,0,0,7,8,13.00
206387614.983,0.70,2,8,0,0,0,0,0,0,7,8,13.25
206387615.233,0.70,2,8,0,0,0,0,0,0,7,8,13.50
206387615.483,0.70,2,8,0,0,0,0,0,0,7,8,13.75
206387615.733,0.70,2,8,0,0,0,0,0,0,7,8,14.00
206387615.983,0.70,2,8,0,0,0,0,0,0,7,8,14.25
206387616.483,0.70,2,8,0,0,0,0,0,0,7,8,14.75
206387616.733,0.70,2,8,0,0,0,0,0,0,7,8,15.00
206387616.733,0.85,2,7,1,0,3,0,0,0,7,0,0.00
206387617.233,0.35,1,7,0,0,0,0,0,0,7,0,0.50
206387617.483,0.35,1,7,0,0,0,0,0,0,7,0,0.75
206387617.733,0.85,2,7,0,2,3,0,0,0,7,0,1.00
206387617.983,0.35,1,7,0,0,0,0,0,0,7,0,1.25
206387618.233,0.35,1,7,0,0,0,0,0,0,7,0,1.50
206387618.483,0.35,1,7,0,0,0,0,0,0,7,0,1.75
206387618.733,0.35,1,7,0,0,0,0,0,0,7,0,2.00
206387618.983,0.35,1,7,0,0,0,0,0,0,7,0,2.25
206387619.233,0.85,2,7,0,2,3,0,0,0,7,0,2.50
206387619.483,0.35,1,7,0,0,0,0,0,0,7,0,2.75
206387619.733,0.35,1,7,0,0,0,0,0,0,7,0,3.00
206387619.983,0.35,1,7,0,0,0,0,0,0,7,0,3.25
206387620.233,0.35,1,7,0,0,0,0,0,0,7,0,3.50
206387620.483,0.35,1,7,0,0,0,0,0,0,7,0,3.75
206387620.733,0.85,2,7,0,2,3,0,0,0,7,0,4.00
206387620.983,0.35,1,7,0,0,0,0,0,0,7,0,4.25
206387621.233,0.35,1,7,0,0,0,0,0,0,7,0,4.50
206387621.483,0.35,1,7,0,0,0,0,0,0,7,0,4.75
206387621.983,0.70,2,8,0,0,0,0,0,0,7,8,5.25
206387622.233,0.90,2,8,0,0,3,0,0,0,7,8,5.50
206387622.483,0.70,2,8,0,0,0,0,0,0,7,8,5.75
206387622.733,0.70,2,8,0,0,0,0,0,0,7,8,6.00
206387622.983,0.70,2,8,0,0,0,0,0,0,7,8,6.25
206387623.233,0.70,2,8,0,0,0,0,0,0,7,8,6.50
206387623.483,0.70,2,8,0,0,0,0,0,0,7,8,6.75
206387623.733,0.90,2,8,0,0,3,0,0,0,7,8,7.00
206387623.983,0.70,2,8,0,0,0,0,0,0,7,8,7.25
206387624.233,0.70,2,8,0,0,0,0,0,0,7,8,7.50
206387624.483,0.70,2,8,0,0,0,0,0,0,7,8,7.75
206387624.733,0.70,2,8,0,0,0,0,0,0,7,8,8.00
206387624.983,0.70,2,8,0,0,0,0,0,0,7,8,8.25
206387625.733,0.70,2,8,0,0,0,0,0,0,7,8,9.00
206387625.983,0.70,2,8,0,0,0,0,0,0,7,8,9.25
206387626.233,0.70,2,8,0,0,0,0,0,0,7,8,9.50
206387626.483,0.70,2,8,0,0,0,0,0,0,7,8,9.75
206387626.733,1.19,2,8,0,2,3,0,0,0,7,8,10.00
206387626.983,0.70,2,8,0,0,0,0,0,0,7,8,10.25
206387627.233,0.70,2,8,0,0,0,0,0,0,7,8,10.50
206387627.483,0.70,2,8,0,0,0,0,0,0,7,8,10.75
206387627.733,0.70,2,8,0,0,0,0,0,0,7,8,11.00
206387627.983,0.70,2,8,0,0,0,0,0,0,7,8,11.25
206387628.233,0.70,2,8,0,0,0,0,0,0,7,8,11.50
206387628.483,1.19,2,8,0,2,3,0,0,0,7,8,11.75
206387628.733,0.70,2,8,0,0,0,0,0,0,7,8,12.00
206387628.983,0.70,2,8,0,0,0,0,0,0,7,8,12.25
206387629.233,0.70,2,8,0,0,0,0,0,0,7,8,12.50
206387629.483,0.70,2,8,0,0,0,0,0,0,7,8,12.75
206387629.483,0.85,2,7,1,0,3,0,0,0,7,0,0.00
206387630.483,0.35,1,7,0,0,0,0,0,0,7,0,1.00
206387630.733,0.35,1,7,0,0,0,0,0,0,7,0,1.25
206387630.983,0.35,1,7,0,0,0,0,0,0,7,0,1.50
206387631.233,0.35,1,7,0,0,0,0,0,0,7,0,1.75
206387631.483,0.85,2,7,0,2,3,0,0,0,7,0,2.00
206387631.733,0.35,1,7,0,0,0,0,0,0,7,0,2.25
206387631.983,0.35,1,7,0,0,0,0,0,0,7,0,2.50
206387632.233,0.35,1,7,0,0,0,0,0,0,7,0,2.75
206387632.483,0.35,1,7,0,0,0,0,0,0,7,0,3.00
206387632.733,0.35,1,7,0,0,0,0,0,0,7,0,3.25
206387632.983,0.35,1,7,0,0,0,0,0,0,7,0,3.50
206387633.233,0.55,1,7,0,0,3,0,0,0,7,0,3.75
206387633.483,0.35,1,7,0,0,0,0,0,0,7,0,4.00
206387633.483,0.85,2,7,1,0,3,0,0,0,7,0,0.00
206387633.983,0.35,1,7,0,0,0,0,0,0,7,0,0.50
206387634.233,0.35,1,7,0,0,0,0,0,0,7,0,0.75
206387634.483,0.35,1,7,0,0,0,0,0,0,7,0,1.00
206387634.733,0.55,1,7,0,0,3,0,0,0,7,0,1.25
206387634.983,0.35,1,7,0,0,0,0,0,0,7,0,1.50
206387635.233,0.35,1,7,0,0,0,0,0,0,7,0,1.75
206387635.483,0.35,1,7,0,0,0,0,0,0,7,0,2.00
206387635.733,0.35,1,7,0,0,0,0,0,0,7,0,2.25
206387635.983,0.35,1,7,0,0,0,0,0,0,7,0,2.50
206387636.233,0.35,1,7,0,0,0,0,0,0,7,0,2.75
206387636.483,0.85,2,7,0,2,3,0,0,0,7,0,3.00
206387636.733,0.35,1,7,0,0,0,0,0,0,7,0,3.25
206387636.983,0.35,1,7,0,0,0,0,0,0,7,0,3.50
206387637.233,0.35,1,7,0,0,0,0,0,0,7,0,3.75
206387637.483,0.35,1,7,0,0,0,0,0,0,7,0,4.00
206387637.483,0.85,2,7,1,0,3,0,0,0,7,0,0.00
206387638.233,0.35,1,7,0,0,0,0,0,0,7,0,0.75
206387638.483,0.35,1,7,0,0,0,0,0,0,7,0,1.00
206387638.733,0.35,1,7,0,0,0,0,0,0,7,0,1.25
206387638.983,0.35,1,7,0,0,0,0,0,0,7,0,1.50
206387639.233,0.35,1,7,0,0,0,0,0,0,7,0,1.75
206387639.483,0.35,1,7,0,0,0,0,0,0,7,0,2.00
206387639.733,0.35,1,7,0,0,0,0,0,0,7,0,2.25
206387639.983,0.35,1,7,0,0,0,0,0,0,7,0,2.50
206387640.233,0.35,1,7,0,0,0,0,0,0,7,0,2.75
206387640.483,0.35,1,7,0,0,0,0,0,0,7,0,3.00
206387640.733,0.35,1,7,0,0,0,0,0,0,7,0,3.25
206387640.983,0.35,1,7,0,0,0,0,0,0,7,0,3.50
206387641.233,0.35,1,7,0,0,0,0,0,0,7,0,3.75
206387641.483,0.35,1,7,0,0,0,0,0,0,7,0,4.00
206387641.733,0.85,2,7,0,2,3,0,0,0,7,0,4.25
206387641.983,0.35,1,7,0,0,0,0,0,0,7,0,4.50
206387641.983,0.85,2,7,1,0,3,0,0,0,7,0,0.00
206387642.733,0.35,1,7,0,0,0,0,0,0,7,0,0.75
206387642.983,0.35,1,7,0,0,0,0,0,0,7,0,1.00
206387643.233,0.35,1,7,0,0,0,0,0,0,7,0,1.25
206387643.483,0.85,2,7,0,2,3,0,0,0,7,0,1.50
206387643.733,0.35,1,7,0,0,0,0,0,0,7,0,1.75
206387643.983,0.35,1,7,0,0,0,0,0,0,7,0,2.00
206387644.233,0.35,1,7,0,0,0,0,0,0,7,0,2.25
206387644.483,0.35,1,7,0,0,0,0,0,0,7,0,2.50
206387644.733,0.35,1,7,0,0,0,0,0,0,7,0,2.75
206387644.983,0.35,1,7,0,0,0,0,0,0,7,0,3.00
206387645.233,0.85,2,7,0,2,3,0,0,0,7,0,3.25
206387645.483,0.35,1,7,0,0,0,0,0,0,7,0,3.50
206387645.733,0.35,1,7,0,0,0,0,0,0,7,0,3.75
206387645.983,0.35,1,7,0,0,0,0,0,0,7,0,4.00
206387646.233,0.35,1,7,0,0,0,0,0,0,7,0,4.25
206387646.483,0.35,1,7,0,0,0,0,0,0,7,0,4.50
206387646.483,0.85,2,7,1,0,3,0,0,0,7,0,0.00
206387646.483,0.85,2,7,1,0,3,0,0,0,7,0,0.00
206387647.233,0.35,1,7,0,0,0,0,0,0,7,0,0.75
206387647.483,0.35,1,7,0,0,0,0,0,0,7,0,1.00
206387647.733,0.35,1,7,0,0,0,0,0,0,7,0,1.25
206387647.983,0.35,1,7,0,0,0,0,0,0,7,0,1.50
206387648.233,0.35,1,7,0,0,0,0,0,0,7,0,1.75
206387648.483,0.35,1,7,0,0,0,0,0,0,7,0,2.00
206387648.733,0.55,1,7,0,0,3,0,0,0,7,0,2.25
206387648.983,0.35,1,7,0,0,0,0,0,0,7,0,2.50
206387649.233,0.35,1,7,0,0,0,0,0,0,7,0,2.75
206387649.483,0.35,1,7,0,0,0,0,0,0,7,0,3.00
206387649.733,0.35,1,7,0,0,0,0,0,0,7,0,3.25
206387649.983,0.35,1,7,0,0,0,0,0,0,7,0,3.50
206387650.233,0.35,1,7,0,0,0,0,0,0,7,0,3.75
206387650.233,0.85,2,7,1,0,3,0,0,0,7,0,0.00
206387650.983,0.35,1,7,0,0,0,0,0,0,7,0,0.75
206387651.233,0.35,1,7,0,0,0,0,0,0,7,0,1.00
206387651.733,0.35,1,7,0,0,0,0,0,0,7,0,1.50
206387651.983,0.35,1,7,0,0,0,0,0,0,7,0,1.75
206387652.233,0.35,1,7,0,0,0,0,0,0,7,0,2.00
206387652.483,0.85,2,7,0,2,3,0,0,0,7,0,2.25
206387652.733,0.35,1,7,0,0,0,0,0,0,7,0,2.50
206387652.983,0.35,1,7,0,0,0,0,0,0,7,0,2.75
206387653.233,0.35,1,7,0,0,0,0,0,0,7,0,3.00
206387653.483,0.35,1,7,0,0,0,0,0,0,7,0,3.25
206387653.733,0.35,1,7,0,0,0,0,0,0,7,0,3.50
206387653.983,0.35,1,7,0,0,0,0,0,0,7,0,3.75
206387654.233,0.35,1,7,0,0,0,0,0,0,7,0,4.00
206387654.483,0.55,1,7,0,0,3,0,0,0,7,0,4.25
206387654.733,0.35,1,7,0,0,0,0,0,0,7,0,4.50
206387654.733,0.85,2,7,1,0,3,0,0,0,7,0,0.00
206387655.233,0.35,1,7,0,0,0,0,0,0,7,0,0.50
206387655.483,0.35,1,7,0,0,0,0,0,0,7,0,0.75
206387655.983,0.35,1,7,0,0,0,0,0,0,7,0,1.25
206387656.233,0.35,1,7,0,0,0,0,0,0,7,0,1.50
206387656.733,0.35,1,7,0,0,0,0,0,0,7,0,2.00
206387656.983,0.35,1,7,0,0,0,0,0,0,7,0,2.25
206387657.233,0.35,1,7,0,0,0,0,0,0,7,0,2.50
206387657.483,0.35,1,7,0,0,0,0,0,0,7,0,2.75
206387657.733,0.35,1,7,0,0,0,0,0,0,7,0,3.00
206387657.983,0.35,1,7,0,0,0,0,0,0,7,0,3.25
206387658.233,0.35,1,7,0,0,0,0,0,0,7,0,3.50
206387658.483,0.85,2,7,0,2,3,0,0,0,7,0,3.75
206387658.733,0.35,1,7,0,0,0,0,0,0,7,0,4.00
206387658.983,0.35,1,7,0,0,0,0,0,0,7,0,4.25
206387659.233,0.35,1,7,0,0,0,0,0,0,7,0,4.50
206387659.483,0.35,1,7,0,0,0,0,0,0,7,0,4.75
206387659.733,0.70,2,8,0,0,0,0,0,0,7,8,5.00
206387660.233,0.70,2,8,0,0,0,0,0,0,7,8,5.50
206387660.483,0.90,2,8,0,0,3,0,0,0,7,8,5.75
206387660.733,0.70,2,8,0,0,0,0,0,0,7,8,6.00
206387660.983,0.70,2,8,0,0,0,0,0,0,7,8,6.25
206387661.233,0.70,2,8,0,0,0,0,0,0,7,8,6.50
206387661.483,0.70,2,8,0,0,0,0,0,0,7,8,6.75
206387661.733,0.70,2,8,0,0,0,0,0,0,7,8,7.00
206387661.983,0.70,2,8,0,0,0,0,0,0,7,8,7.25
206387662.233,0.70,2,8,0,0,0,0,0,0,7,8,7.50
206387662.483,1.19,2,8,0,2,3,0,0,0,7,8,7.75
206387662.733,0.70,2,8,0,0,0,0,0,0,7,8,8.00
206387662.983,0.70,2,8,0,0,0,0,0,0,7,8,8.25
206387663.233,0.70,2,8,0,0,0,0,0,0,7,8,8.50
206387663.483,0.70,2,8,0,0,0,0,0,0,7,8,8.75
206387663.733,0.70,2,8,0,0,0,0,0,0,7,8,9.00
206387663.983,0.70,2,8,0,0,0,0,0,0,7,8,9.25
206387664.233,0.70,2,8,0,0,0,0,0,0,7,8,9.50
206387664.483,1.19,2,8,0,2,3,0,0,0,7,8,9.75
206387664.733,0.70,2,8,0,0,0,0,0,0,7,8,10.00