206387079.983,0.70,2,5,1,0,3,0,5,0,0,0.00
206387080.233,0.00,0,0,0,0,0,0,0,0,0,0.25
206387080.483,0.00,0,0,0,0,0,0,0,0,0,0.50
206387080.483,0.50,1,3,1,0,3,0,0,0,0,0.00
206387081.233,0.00,0,0,0,0,0,0,0,0,0,0.75
206387081.483,0.00,0,0,0,0,0,0,0,0,0,1.00
206387081.733,0.00,0,0,0,0,0,0,0,0,0,1.25
206387081.983,0.00,0,0,0,0,0,0,0,0,0,1.50
206387082.233,0.00,0,0,0,0,0,0,0,0,0,1.75
206387082.483,0.00,0,0,0,0,0,0,0,0,0,2.00
206387082.733,0.00,0,0,0,0,0,0,0,0,0,2.25
206387082.983,0.00,0,0,0,0,0,0,0,0,0,2.50
206387083.233,0.00,0,0,0,0,0,0,0,0,0,2.75
206387083.483,0.00,0,0,0,0,0,0,0,0,0,3.00
206387083.733,0.00,0,0,0,0,0,0,0,0,0,3.25
206387083.983,0.00,0,0,0,0,0,0,0,0,0,3.50
206387084.233,0.00,0,0,0,0,0,0,0,0,0,3.75
206387084.483,0.00,0,0,0,0,0,0,0,0,0,4.00
206387084.733,0.00,0,0,0,0,0,0,0,0,0,4.25
206387084.983,0.00,0,0,0,0,0,0,0,0,0,4.50
206387084.983,0.50,1,3,1,0,3,0,0,0,0,0.00
206387085.733,0.00,0,0,0,0,0,0,0,0,0,0.75
206387085.983,0.00,0,0,0,0,0,0,0,0,0,1.00
206387086.233,0.00,0,0,0,0,0,0,0,0,0,1.25
206387086.483,0.00,0,0,0,0,0,0,0,0,0,1.50
206387086.733,0.00,0,0,0,0,0,0,0,0,0,1.75
206387086.983,0.50,1,3,0,2,3,0,0,0,0,2.00
206387087.233,0.50,1,3,0,2,3,0,0,0,0,2.25
206387087.483,0.50,1,3,0,2,3,0,0,0,0,2.50
206387087.733,0.50,1,3,0,2,3,0,0,0,0,2.75
206387087.983,0.50,1,3,0,2,3,0,0,0,0,3.00
206387088.233,0.50,1,3,0,2,3,0,0,0,0,3.25
206387088.483,0.50,1,3,0,2,3,0,0,0,0,3.50
206387088.733,0.50,1,3,0,2,3,0,0,0,0,3.75
206387088.983,0.50,1,3,0,2,3,0,0,0,0,4.00
206387089.233,0.50,1,3,0,2,3,0,0,0,0,4.25
206387089.483,0.50,1,3,0,2,3,0,0,0,0,4.50
206387089.483,0.50,1,3,1,0,3,0,0,0,0,0.00
206387090.233,0.00,0,0,0,0,0,0,0,0,0,0.75
206387090.483,0.50,1,3,0,2,3,0,0,0,0,1.00
206387090.733,0.50,1,3,0,2,3,0,0,0,0,1.25
206387090.983,0.50,1,3,0,2,3,0,0,0,0,1.50
206387091.233,0.50,1,3,0,2,3,0,0,0,0,1.75
206387091.483,0.50,1,3,0,2,3,0,0,0,0,2.00
206387091.733,0.50,1,3,0,2,3,0,0,0,0,2.25
206387091.983,0.50,1,3,0,2,3,0,0,0,0,2.50
206387092.233,0.50,1,3,0,2,3,0,0,0,0,2.75
206387092.483,0.50,1,3,0,2,3,0,0,0,0,3.00
206387092.733,0.50,1,3,0,2,3,0,0,0,0,3.25
206387092.983,0.50,1,3,0,2,3,0,0,0,0,3.50
206387093.233,0.00,0,0,0,0,0,0,0,0,0,3.75
206387093.483,0.00,0,0,0,0,0,0,0,0,0,4.00
206387093.483,0.50,1,3,1,0,3,0,0,0,0,0.00
206387093.983,0.00,0,0,0,0,0,0,0,0,0,0.50
206387094.233,0.00,0,0,0,0,0,0,0,0,0,0.75
206387094.483,0.00,0,0,0,0,0,0,0,0,0,1.00
206387094.733,0.00,0,0,0,0,0,0,0,0,0,1.25
206387094.983,0.00,0,0,0,0,0,0,0,0,0,1.50
206387095.233,0.00,0,0,0,0,0,0,0,0,0,1.75
206387095.483,0.00,0,0,0,0,0,0,0,0,0,2.00
206387095.733,0.00,0,0,0,0,0,0,0,0,0,2.25
206387095.983,0.00,0,0,0,0,0,0,0,0,0,2.50
206387096.233,0.00,0,0,0,0,0,0,0,0,0,2.75
206387096.483,0.00,0,0,0,0,0,0,0,0,0,3.00
206387096.733,0.00,0,0,0,0,0,0,0,0,0,3.25
206387096.983,0.00,0,0,0,0,0,0,0,0,0,3.50
206387097.233,0.00,0,0,0,0,0,0,0,0,0,3.75
206387097.483,0.00,0,0,0,0,0,0,0,0,0,4.00
206387097.983,0.00,0,0,0,0,0,0,0,0,0,4.50
206387098.233,0.00,0,0,0,0,0,0,0,0,0,4.75
206387098.483,0.35,1,7,0,0,0,0,0,0,7,5.00
206387098.733,0.35,1,7,0,0,0,0,0,0,7,5.25
206387098.983,0.35,1,7,0,0,0,0,0,0,7,5.50
206387099.233,0.35,1,7,0,0,0,0,0,0,7,5.75
206387099.483,0.35,1,7,0,0,0,0,0,0,7,6.00
206387099.733,0.35,1,7,0,0,0,0,0,0,7,6.25
206387099.983,0.35,1,7,0,0,0,0,0,0,7,6.50
206387100.233,0.35,1,7,0,0,0,0,0,0,7,6.75
206387100.483,0.35,1,7,0,0,0,0,0,0,7,7.00
206387100.733,0.35,1,7,0,0,0,0,0,0,7,7.25
206387100.983,0.35,1,7,0,0,0,0,0,0,7,7.50
206387101.233,0.35,1,7,0,0,0,0,0,0,7,7.75
206387101.483,0.35,1,7,0,0,0,0,0,0,7,8.00
206387101.733,0.35,1,7,0,0,0,0,0,0,7,8.25
206387105.983,0.85,2,7,1,0,3,0,0,0,7,12.50
206387122.233,0.85,2,7,1,0,3,0,0,0,7,28.75
206387125.483,0.85,2,7,1,0,3,0,0,0,7,32.00
206991902.733,0.85,2,7,1,0,3,0,0,0,7,604809.24
206991909.983,0.85,2,7,1,0,3,0,0,0,7,604816.48
208806303.233,0.85,2,7,1,0,3,0,0,0,7,2419209.76
208806306.483,0.85,2,7,1,0,3,0,0,0,7,2419212.96
206387103.733,0.50,1,3,1,0,3,0,0,0,0,0.00
206387103.983,0.00,0,0,0,0,0,0,0,0,0,0.25
206387104.233,0.00,0,0,0,0,0,0,0,0,0,0.50
206387104.483,0.00,0,0,0,0,0,0,0,0,0,0.75
206387104.733,0.00,0,0,0,0,0,0,0,0,0,1.00
206387104.983,0.00,0,0,0,0,0,0,0,0,0,1.25
206387105.233,0.00,0,0,0,0,0,0,0,0,0,1.50
206387105.483,0.00,0,0,0,0,0,0,0,0,0,1.75
206387105.733,0.00,0,0,0,0,0,0,0,0,0,2.00
206387106.233,0.00,0,0,0,0,0,0,0,0,0,2.50
206387106.483,0.00,0,0,0,0,0,0,0,0,0,2.75
206387106.733,0.00,0,0,0,0,0,0,0,0,0,3.00
206387106.983,0.00,0,0,0,0,0,0,0,0,0,3.25
206387107.233,0.00,0,0,0,0,0,0,0,0,0,3.50
206387107.483,0.00,0,0,0,0,0,0,0,0,0,3.75
206387107.733,0.00,0,0,0,0,0,0,0,0,0,4.00
206387107.983,0.20,0,6,0,0,0,0,0,6,0,0.00
206387108.483,0.20,0,6,0,0,0,0,0,6,0,0.00
206387108.733,0.20,0,6,0,0,0,0,0,6,0,0.00
206387108.983,0.20,0,6,0,0,0,0,0,6,0,0.00
206387109.233,0.20,0,6,0,0,0,0,0,6,0,0.00
206387109.483,0.20,0,6,0,0,0,0,0,6,0,0.00
206387109.733,0.20,0,6,0,0,0,0,0,6,0,0.00
206387109.983,0.20,0,6,0,0,0,0,0,6,0,0.00
206387110.233,0.20,0,6,0,0,0,0,0,6,0,0.00
206387110.483,0.20,0,6,0,0,0,0,0,6,0,0.00
206387110.733,0.20,0,6,0,0,0,0,0,6,0,0.00
206387110.983,0.20,0,6,0,0,0,0,0,6,0,0.00
206387111.233,0.20,0,6,0,0,0,0,0,6,0,0.00
206387111.483,0.20,0,6,0,0,0,0,0,6,0,0.00
206387111.733,0.20,0,6,0,0,0,0,0,6,0,0.00
206387111.983,0.20,0,6,0,0,0,0,0,6,0,0.00
206387111.983,0.50,1,3,1,0,3,0,0,0,0,0.00
206387112.983,0.00,0,0,0,0,0,0,0,0,0,1.00
206387113.233,0.00,0,0,0,0,0,0,0,0,0,1.25
206387113.483,0.00,0,0,0,0,0,0,0,0,0,1.50
206387113.733,0.00,0,0,0,0,0,0,0,0,0,1.75
206387113.983,0.00,0,0,0,0,0,0,0,0,0,2.00
206387114.233,0.00,0,0,0,0,0,0,0,0,0,2.25
206387114.483,0.00,0,0,0,0,0,0,0,0,0,2.50
206387114.733,0.00,0,0,0,0,0,0,0,0,0,2.75
206387114.983,0.00,0,0,0,0,0,0,0,0,0,3.00
206387115.233,0.00,0,0,0,0,0,0,0,0,0,3.25
206387115.483,0.00,0,0,0,0,0,0,0,0,0,3.50
206387115.733,0.00,0,0,0,0,0,0,0,0,0,3.75
206387115.983,0.00,0,0,0,0,0,0,0,0,0,4.00
206387116.233,0.00,0,0,0,0,0,0,0,0,0,4.25
206387116.233,0.50,1,3,1,0,3,0,0,0,0,0.00
206387116.233,0.50,1,3,1,0,3,0,0,0,0,0.00
206387116.983,0.00,0,0,0,0,0,0,0,0,0,0.75
206387117.233,0.00,0,0,0,0,0,0,0,0,0,1.00
206387117.483,0.00,0,0,0,0,0,0,0,0,0,1.25
206387117.733,0.00,0,0,0,0,0,0,0,0,0,1.50
206387117.983,0.00,0,0,0,0,0,0,0,0,0,1.75
206387118.233,0.00,0,0,0,0,0,0,0,0,0,2.00
206387118.483,0.00,0,0,0,0,0,0,0,0,0,2.25
206387118.733,0.00,0,0,0,0,0,0,0,0,0,2.50
206387118.983,0.00,0,0,0,0,0,0,0,0,0,2.75
206387119.233,0.00,0,0,0,0,0,0,0,0,0,3.00
206387119.483,0.00,0,0,0,0,0,0,0,0,0,3.25
206387119.733,0.00,0,0,0,0,0,0,0,0,0,3.50
206387119.983,0.00,0,0,0,0,0,0,0,0,0,3.75
206387120.233,0.00,0,0,0,0,0,0,0,0,0,4.00
206387120.483,0.00,0,0,0,0,0,0,0,0,0,4.25
206387120.483,0.50,1,3,1,0,3,0,0,0,0,0.00
206387120.983,0.00,0,0,0,0,0,0,0,0,0,0.50
206387121.233,0.00,0,0,0,0,0,0,0,0,0,0.75
206387121.483,0.00,0,0,0,0,0,0,0,0,0,1.00
206387121.733,0.00,0,0,0,0,0,0,0,0,0,1.25
206387121.983,0.00,0,0,0,0,0,0,0,0,0,1.50
206387122.233,0.00,0,0,0,0,0,0,0,0,0,1.75
206387122.483,0.00,0,0,0,0,0,0,0,0,0,2.00
206387122.733,0.00,0,0,0,0,0,0,0,0,0,2.25
206387122.983,0.00,0,0,0,0,0,0,0,0,0,2.50
206387123.233,0.00,0,0,0,0,0,0,0,0,0,2.75
206387123.483,0.00,0,0,0,0,0,0,0,0,0,3.00
206387123.733,0.00,0,0,0,0,0,0,0,0,0,3.25
206387123.983,0.45,1,4,0,0,3,4,0,0,0,3.50
206387124.233,0.20,0,3,0,0,3,0,0,0,0,3.75
206387124.483,0.20,0,3,0,0,3,0,0,0,0,4.00
206387124.733,0.20,0,3,0,0,3,0,0,0,0,4.25
206387124.983,0.20,0,3,0,0,3,0,0,0,0,4.50
206387125.733,0.55,1,7,0,0,3,0,0,0,7,5.25
206387125.983,0.55,1,7,0,0,3,0,0,0,7,5.50
206387126.233,0.55,1,7,0,0,3,0,0,0,7,5.75
206387126.483,0.55,1,7,0,0,3,0,0,0,7,6.00
206387126.733,0.55,1,7,0,0,3,0,0,0,7,6.25
206387126.983,0.55,1,7,0,0,3,0,0,0,7,6.50
206387127.233,0.55,1,7,0,0,3,0,0,0,7,6.75
206387127.483,0.55,1,7,0,0,3,0,0,0,7,7.00
206387127.733,0.55,1,7,0,0,3,0,0,0,7,7.25
206387127.983,0.55,1,7,0,0,3,0,0,0,7,7.50
206387128.233,0.35,1,7,0,0,0,0,0,0,7,7.75
206387128.483,0.35,1,7,0,0,0,0,0,0,7,8.00
206387128.733,0.35,1,7,0,0,0,0,0,0,7,8.25
206387128.983,0.35,1,7,0,0,0,0,0,0,7,8.50
206387129.233,0.35,1,7,0,0,0,0,0,0,7,8.75
206387129.733,0.35,1,7,0,0,0,0,0,0,7,9.25
206387129.983,0.35,1,7,0,0,0,0,0,0,7,9.50
206387130.233,0.35,1,7,0,0,0,0,0,0,7,9.75
206387130.483,0.35,1,7,0,0,0,0,0,0,7,10.00
206387130.733,0.35,1,7,0,0,0,0,0,0,7,10.25
206387130.983,0.35,1,7,0,0,0,0,0,0,7,10.50
206387131.233,0.35,1,7,0,0,0,0,0,0,7,10.75
206387131.483,0.35,1,7,0,0,0,0,0,0,7,11.00
206387131.733,0.35,1,7,0,0,0,0,0,0,7,11.25
206387131.983,0.35,1,7,0,0,0,0,0,0,7,11.50
206387132.233,0.35,1,7,0,0,0,0,0,0,7,11.75
206387132.483,0.35,1,7,0,0,0,0,0,0,7,12.00
206387132.733,0.35,1,7,0,0,0,0,0,0,7,12.25
206387132.983,0.35,1,7,0,0,0,0,0,0,7,12.50
206387133.233,0.35,1,7,0,0,0,0,0,0,7,12.75
206387133.483,0.35,1,7,0,0,0,0,0,0,7,13.00
206387133.733,0.35,1,7,0,0,0,0,0,0,7,13.25
206387133.983,0.35,1,7,0,0,0,0,0,0,7,13.50
206387134.733,0.35,1,7,0,0,0,0,0,0,7,14.25
206387134.983,0.35,1,7,0,0,0,0,0,0,7,14.50
206387135.233,0.35,1,7,0,0,0,0,0,0,7,14.75
206387135.483,0.35,1,7,0,0,0,0,0,0,7,15.00
206387135.733,0.35,1,7,0,0,0,0,0,0,7,15.25
206387135.983,0.35,1,7,0,0,0,0,0,0,7,15.50
206387136.483,0.35,1,7,0,0,0,0,0,0,7,16.00
206387136.733,0.35,1,7,0,0,0,0,0,0,7,16.25
206387136.983,0.35,1,7,0,0,0,0,0,0,7,16.50
206387137.233,0.35,1,7,0,0,0,0,0,0,7,16.75
206387137.483,0.35,1,7,0,0,0,0,0,0,7,17.00
206387137.733,0.35,1,7,0,0,0,0,0,0,7,17.25
206387137.983,0.35,1,7,0,0,0,0,0,0,7,17.50
206387138.233,0.35,1,7,0,0,0,0,0,0,7,17.75
206387138.483,0.35,1,7,0,0,0,0,0,0,7,18.00
206387138.733,0.35,1,7,0,0,0,0,0,0,7,18.25
206387138.983,0.35,1,7,0,0,0,0,0,0,7,18.50
206387139.233,0.35,1,7,0,0,0,0,0,0,7,18.75
206387139.733,0.35,1,7,0,0,0,0,0,0,7,19.25
206387139.983,0.35,1,7,0,0,0,0,0,0,7,19.50
206387140.233,0.35,1,7,0,0,0,0,0,0,7,19.75
206387140.483,0.35,1,7,0,0,0,0,0,0,7,20.00
206387140.733,0.35,1,7,0,0,0,0,0,0,7,20.25
206387140.983,0.35,1,7,0,0,0,0,0,0,7,20.50
206387141.233,0.35,1,7,0,0,0,0,0,0,7,20.75
206387141.483,0.35,1,7,0,0,0,0,0,0,7,21.00
206387141.733,0.35,1,7,0,0,0,0,0,0,7,21.25
206387141.983,0.35,1,7,0,0,0,0,0,0,7,21.50
206387142.233,0.35,1,7,0,0,0,0,0,0,7,21.75
206387142.483,0.35,1,7,0,0,0,0,0,0,7,22.00
206387142.733,0.35,1,7,0,0,0,0,0,0,7,22.25
206387142.983,0.35,1,7,0,0,0,0,0,0,7,22.50
206387143.233,0.35,1,7,0,0,0,0,0,0,7,22.75
206387143.483,0.35,1,7,0,0,0,0,0,0,7,23.00
206387143.983,0.35,1,7,0,0,0,0,0,0,7,23.50
206387144.233,0.35,1,7,0,0,0,0,0,0,7,23.75
206387144.483,0.35,1,7,0,0,0,0,0,0,7,24.00
206387144.733,0.35,1,7,0,0,0,0,0,0,7,24.25
206387144.983,0.35,1,7,0,0,0,0,0,0,7,24.50
206387145.233,0.35,1,7,0,0,0,0,0,0,7,24.75
206387145.483,0.35,1,7,0,0,0,0,0,0,7,25.00
206387145.733,0.35,1,7,0,0,0,0,0,0,7,25.25
206387145.983,0.35,1,7,0,0,0,0,0,0,7,25.50
206387146.233,0.35,1,7,0,0,0,0,0,0,7,25.75
206387146.483,0.35,1,7,0,0,0,0,0,0,7,26.00
206387146.733,0.35,1,7,0,0,0,0,0,0,7,26.25
206387146.983,0.35,1,7,0,0,0,0,0,0,7,26.50
206387147.233,0.35,1,7,0,0,0,0,0,0,7,26.75
206387147.483,0.35,1,7,0,0,0,0,0,0,7,27.00
206387147.733,0.35,1,7,0,0,0,0,0,0,7,27.25
206387147.983,0.35,1,7,0,0,0,0,0,0,7,27.50
206387148.233,0.35,1,7,0,0,0,0,0,0,7,27.75
206387148.733,0.35,1,7,0,0,0,0,0,0,7,28.25
206387148.983,0.35,1,7,0,0,0,0,0,0,7,28.50
206387149.233,0.35,1,7,0,0,0,0,0,0,7,28.75
206387149.483,0.35,1,7,0,0,0,0,0,0,7,29.00
206387149.733,0.35,1,7,0,0,0,0,0,0,7,29.25
206387149.983,0.35,1,7,0,0,0,0,0,0,7,29.50
206387150.233,0.35,1,7,0,0,0,0,0,0,7,29.75
206387150.483,0.35,1,7,0,0,0,0,0,0,7,30.00
206387150.733,0.35,1,7,0,0,0,0,0,0,7,30.25
206387150.983,0.35,1,7,0,0,0,0,0,0,7,30.50
206387151.233,0.35,1,7,0,0,0,0,0,0,7,30.75
206387151.483,0.35,1,7,0,0,0,0,0,0,7,31.00
206387151.733,0.35,1,7,0,0,0,0,0,0,7,31.25
206387151.983,0.35,1,7,0,0,0,0,0,0,7,31.50
206387152.233,0.35,1,7,0,0,0,0,0,0,7,31.75
206387152.483,0.35,1,7,0,0,0,0,0,0,7,32.00
206387152.733,0.35,1,7,0,0,0,0,0,0,7,32.25
206387152.983,0.35,1,7,0,0,0,0,0,0,7,32.50
206387153.483,0.35,1,7,0,0,0,0,0,0,7,33.00
206387153.733,0.35,1,7,0,0,0,0,0,0,7,33.25
206387153.983,0.35,1,7,0,0,0,0,0,0,7,33.50
206387154.233,0.35,1,7,0,0,0,0,0,0,7,33.75
206387154.483,0.35,1,7,0,0,0,0,0,0,7,34.00
206387154.733,0.35,1,7,0,0,0,0,0,0,7,34.25
206387154.983,0.35,1,7,0,0,0,0,0,0,7,34.50
206387155.233,0.35,1,7,0,0,0,0,0,0,7,34.75
206387155.483,0.35,1,7,0,0,0,0,0,0,7,35.00
206387155.733,0.35,1,7,0,0,0,0,0,0,7,35.25
206387155.983,0.35,1,7,0,0,0,0,0,0,7,35.50
206387156.233,0.35,1,7,0,0,0,0,0,0,7,35.75
206387156.483,0.35,1,7,0,0,0,0,0,0,7,36.00
206387156.733,0.35,1,7,0,0,0,0,0,0,7,36.25
206387156.983,0.35,1,7,0,0,0,0,0,0,7,36.50
206387157.233,0.35,1,7,0,0,0,0,0,0,7,36.75
206387157.483,0.35,1,7,0,0,0,0,0,0,7,37.00
206387157.733,0.35,1,7,0,0,0,0,0,0,7,37.25
206387157.733,0.50,1,3,1,0,3,0,0,0,0,0.00
206387158.483,0.00,0,0,0,0,0,0,0,0,0,0.75
206387158.733,0.00,0,0,0,0,0,0,0,0,0,1.00
206387158.983,0.00,0,0,0,0,0,0,0,0,0,1.25
206387159.233,0.00,0,0,0,0,0,0,0,0,0,1.50
206387159.483,0.00,0,0,0,0,0,0,0,0,0,1.75
206387159.733,0.00,0,0,0,0,0,0,0,0,0,2.00
206387159.983,0.00,0,0,0,0,0,0,0,0,0,2.25
206387160.233,0.00,0,0,0,0,0,0,0,0,0,2.50
206387160.483,0.00,0,0,0,0,0,0,0,0,0,2.75
206387160.733,0.00,0,0,0,0,0,0,0,0,0,3.00
206387160.983,0.00,0,0,0,0,0,0,0,0,0,3.25
206387161.233,0.00,0,0,0,0,0,0,0,0,0,3.50
206387161.483,0.00,0,0,0,0,0,0,0,0,0,3.75
206387161.733,0.00,0,0,0,0,0,0,0,0,0,4.00
206387161.983,0.00,0,0,0,0,0,0,0,0,0,4.25
206387162.233,0.00,0,0,0,0,0,0,0,0,0,4.50
206387162.483,0.00,0,0,0,0,0,0,0,0,0,4.75
206387162.733,0.35,1,7,0,0,0,0,0,0,7,5.00
206387162.983,0.35,1,7,0,0,0,0,0,0,7,5.25
206387163.233,0.35,1,7,0,0,0,0,0,0,7,5.50
206387163.483,0.35,1,7,0,0,0,0,0,0,7,5.75
206387163.733,0.35,1,7,0,0,0,0,0,0,7,6.00
206387163.733,0.50,1,3,1,0,3,0,0,0,0,0.00
206387163.733,0.50,1,3,1,0,3,0,0,0,0,0.00
206387164.483,0.00,0,0,0,0,0,0,0,0,0,0.75
206387164.733,0.00,0,0,0,0,0,0,0,0,0,1.00
206387164.983,0.00,0,0,0,0,0,0,0,0,0,1.25
206387165.233,0.00,0,0,0,0,0,0,0,0,0,1.50
206387165.483,0.00,0,0,0,0,0,0,0,0,0,1.75
206387165.733,0.00,0,0,0,0,0,0,0,0,0,2.00
206387165.983,0.00,0,0,0,0,0,0,0,0,0,2.25
206387166.233,0.00,0,0,0,0,0,0,0,0,0,2.50
206387166.483,0.00,0,0,0,0,0,0,0,0,0,2.75
206387166.733,0.00,0,0,0,0,0,0,0,0,0,3.00
206387166.983,0.00,0,0,0,0,0,0,0,0,0,3.25
206387167.233,0.00,0,0,0,0,0,0,0,0,0,3.50
206387167.483,0.00,0,0,0,0,0,0,0,0,0,3.75
206387167.733,0.00,0,0,0,0,0,0,0,0,0,4.00
206387167.983,0.00,0,0,0,0,0,0,0,0,0,4.25
206387168.233,0.00,0,0,0,0,0,0,0,0,0,4.50
206387168.483,0.00,0,0,0,0,0,0,0,0,0,4.75
206387168.983,0.35,1,7,0,0,0,0,0,0,7,5.25
206387169.233,0.35,1,7,0,0,0,0,0,0,7,5.50
206387169.483,0.35,1,7,0,0,0,0,0,0,7,5.75
206387169.733,0.35,1,7,0,0,0,0,0,0,7,6.00
206387169.983,0.35,1,7,0,0,0,0,0,0,7,6.25
206387170.233,0.35,1,7,0,0,0,0,0,0,7,6.50
206387170.483,0.35,1,7,0,0,0,0,0,0,7,6.75
206387170.733,0.35,1,7,0,0,0,0,0,0,7,7.00
206387170.983,0.35,1,7,0,0,0,0,0,0,7,7.25
206387171.233,0.35,1,7,0,0,0,0,0,0,7,7.50
206387171.483,0.35,1,7,0,0,0,0,0,0,7,7.75
206387171.733,0.35,1,7,0,0,0,0,0,0,7,8.00
206387171.983,0.35,1,7,0,0,0,0,0,0,7,8.25
206387172.233,0.35,1,7,0,0,0,0,0,0,7,8.50
206387172.233,0.50,1,3,1,0,3,0,0,0,0,0.00
206387172.733,0.00,0,0,0,0,0,0,0,0,0,0.50
206387172.983,0.00,0,0,0,0,0,0,0,0,0,0.75
206387173.233,0.00,0,0,0,0,0,0,0,0,0,1.00
206387173.483,0.00,0,0,0,0,0,0,0,0,0,1.25
206387173.733,0.00,0,0,0,0,0,0,0,0,0,1.50
206387173.983,0.00,0,0,0,0,0,0,0,0,0,1.75
206387174.233,0.00,0,0,0,0,0,0,0,0,0,2.00
206387174.483,0.00,0,0,0,0,0,0,0,0,0,2.25
206387174.733,0.00,0,0,0,0,0,0,0,0,0,2.50
206387174.983,0.00,0,0,0,0,0,0,0,0,0,2.75
206387175.233,0.00,0,0,0,0,0,0,0,0,0,3.00
206387175.483,0.00,0,0,0,0,0,0,0,0,0,3.25
206387175.733,0.00,0,0,0,0,0,0,0,0,0,3.50
206387175.983,0.00,0,0,0,0,0,0,0,0,0,3.75
206387176.233,0.00,0,0,0,0,0,0,0,0,0,4.00
206387176.483,0.00,0,0,0,0,0,0,0,0,0,4.25
206387176.733,0.00,0,0,0,0,0,0,0,0,0,4.50
206387176.983,0.00,0,0,0,0,0,0,0,0,0,4.75
206387177.233,0.35,1,7,0,0,0,0,0,0,7,5.00
206387177.233,0.50,1,3,1,0,3,0,0,0,0,0.00
206387177.733,0.00,0,0,0,0,0,0,0,0,0,0.50
206387177.983,0.00,0,0,0,0,0,0,0,0,0,0.75
206387178.233,0.00,0,0,0,0,0,0,0,0,0,1.00
206387178.483,0.00,0,0,0,0,0,0,0,0,0,1.25
206387178.733,0.00,0,0,0,0,0,0,0,0,0,1.50
206387179.483,0.00,0,0,0,0,0,0,0,0,0,2.25
206387179.733,0.00,0,0,0,0,0,0,0,0,0,2.50
206387179.983,0.00,0,0,0,0,0,0,0,0,0,2.75
206387180.233,0.00,0,0,0,0,0,0,0,0,0,3.00
206387180.483,0.00,0,0,0,0,0,0,0,0,0,3.25
206387180.733,0.00,0,0,0,0,0,0,0,0,0,3.50
206387180.983,0.00,0,0,0,0,0,0,0,0,0,3.75
206387181.233,0.00,0,0,0,0,0,0,0,0,0,4.00
206387181.483,0.00,0,0,0,0,0,0,0,0,0,4.25
206387181.733,0.00,0,0,0,0,0,0,0,0,0,4.50
206387181.983,0.00,0,0,0,0,0,0,0,0,0,4.75
206387182.233,0.35,1,7,0,0,0,0,0,0,7,5.00
206387182.483,0.35,1,7,0,0,0,0,0,0,7,5.25
206387182.733,0.35,1,7,0,0,0,0,0,0,7,5.50
206387183.483,0.35,1,7,0,0,0,0,0,0,7,6.25
206387183.733,0.35,1,7,0,0,0,0,0,0,7,6.50
206387183.983,0.35,1,7,0,0,0,0,0,0,7,6.75
206387184.233,0.35,1,7,0,0,0,0,0,0,7,7.00
206387184.483,0.35,1,7,0,0,0,0,0,0,7,7.25
206387184.733,0.35,1,7,0,0,0,0,0,0,7,7.50
206387184.983,0.35,1,7,0,0,0,0,0,0,7,7.75
206387185.233,0.35,1,7,0,0,0,0,0,0,7,8.00
206387185.483,0.35,1,7,0,0,0,0,0,0,7,8.25
206387185.733,0.35,1,7,0,0,0,0,0,0,7,8.50
206387185.983,0.35,1,7,0,0,0,0,0,0,7,8.75
206387186.233,0.35,1,7,0,0,0,0,0,0,7,9.00
206387186.483,0.35,1,7,0,0,0,0,0,0,7,9.25
206387186.483,0.50,1,3,1,0,3,0,0,0,0,0.00
206387186.983,0.00,0,0,0,0,0,0,0,0,0,0.50
206387187.233,0.00,0,0,0,0,0,0,0,0,0,0.75
206387187.483,0.00,0,0,0,0,0,0,0,0,0,1.00
206387187.733,0.00,0,0,0,0,0,0,0,0,0,1.25
206387187.983,0.00,0,0,0,0,0,0,0,0,0,1.50
206387188.233,0.00,0,0,0,0,0,0,0,0,0,1.75
206387188.483,0.00,0,0,0,0,0,0,0,0,0,2.00
206387188.733,0.00,0,0,0,0,0,0,0,0,0,2.25
206387188.983,0.00,0,0,0,0,0,0,0,0,0,2.50
206387189.233,0.00,0,0,0,0,0,0,0,0,0,2.75
206387189.483,0.00,0,0,0,0,0,0,0,0,0,3.00
206387189.733,0.00,0,0,0,0,0,0,0,0,0,3.25
206387189.983,0.00,0,0,0,0,0,0,0,0,0,3.50
206387190.233,0.00,0,0,0,0,0,0,0,0,0,3.75
206387190.233,0.50,1,3,1,0,3,0,0,0,0,0.00
206387190.233,0.50,1,3,1,0,3,0,0,0,0,0.00
206387190.983,0.00,0,0,0,0,0,0,0,0,0,0.75
206387191.233,0.00,0,0,0,0,0,0,0,0,0,1.00
206387191.483,0.00,0,0,0,0,0,0,0,0,0,1.25
206387191.733,0.00,0,0,0,0,0,0,0,0,0,1.50
206387191.983,0.00,0,0,0,0,0,0,0,0,0,1.75
206387192.233,0.00,0,0,0,0,0,0,0,0,0,2.00
206387192.483,0.00,0,0,0,0,0,0,0,0,0,2.25
206387192.733,0.00,0,0,0,0,0,0,0,0,0,2.50
206387192.983,0.00,0,0,0,0,0,0,0,0,0,2.75
206387193.233,0.00,0,0,0,0,0,0,0,0,0,3.00
206387193.483,0.00,0,0,0,0,0,0,0,0,0,3.25
206387193.733,0.00,0,0,0,0,0,0,0,0,0,3.50
206387193.983,0.00,0,0,0,0,0,0,0,0,0,3.75
206387194.233,0.00,0,0,0,0,0,0,0,0,0,4.00
206387194.483,0.00,0,0,0,0,0,0,0,0,0,4.25
206387194.733,0.00,0,0,0,0,0,0,0,0,0,4.50
206387194.983,0.00,0,0,0,0,0,0,0,0,0,4.75
206387195.233,0.35,1,7,0,0,0,0,0,0,7,5.00
206387195.483,0.35,1,7,0,0,0,0,0,0,7,5.25
206387195.733,0.35,1,7,0,0,0,0,0,0,7,5.50
206387195.983,0.35,1,7,0,0,0,0,0,0,7,5.75
206387196.233,0.35,1,7,0,0,0,0,0,0,7,6.00
206387196.483,0.35,1,7,0,0,0,0,0,0,7,6.25
206387196.733,0.35,1,7,0,0,0,0,0,0,7,6.50
206387196.983,0.35,1,7,0,0,0,0,0,0,7,6.75
206387197.483,0.35,1,7,0,0,0,0,0,0,7,7.25
206387197.733,0.35,1,7,0,0,0,0,0,0,7,7.50
206387197.983,0.35,1,7,0,0,0,0,0,0,7,7.75
206387198.233,0.35,1,7,0,0,0,0,0,0,7,8.00
206387198.483,0.35,1,7,0,0,0,0,0,0,7,8.25
206387198.733,0.35,1,7,0,0,0,0,0,0,7,8.50
206387198.983,0.35,1,7,0,0,0,0,0,0,7,8.75
206387199.233,0.35,1,7,0,0,0,0,0,0,7,9.00
206387199.483,0.35,1,7,0,0,0,0,0,0,7,9.25
206387199.733,0.35,1,7,0,0,0,0,0,0,7,9.50
206387199.983,0.35,1,7,0,0,0,0,0,0,7,9.75
206387200.233,0.35,1,7,0,0,0,0,0,0,7,10.00
206387200.483,0.35,1,7,0,0,0,0,0,0,7,10.25
206387200.733,0.35,1,7,0,0,0,0,0,0,7,10.50
206387200.983,0.35,1,7,0,0,0,0,0,0,7,10.75
206387201.233,0.35,1,7,0,0,0,0,0,0,7,11.00
206387201.483,0.35,1,7,0,0,0,0,0,0,7,11.25
206387201.733,0.35,1,7,0,0,0,0,0,0,7,11.50
206387201.733,0.50,1,3,1,0,3,0,0,0,0,0.00
206387202.233,0.00,0,0,0,0,0,0,0,0,0,0.50
206387202.483,0.00,0,0,0,0,0,0,0,0,0,0.75
206387202.733,0.00,0,0,0,0,0,0,0,0,0,1.00
206387202.983,0.00,0,0,0,0,0,0,0,0,0,1.25
206387203.233,0.00,0,0,0,0,0,0,0,0,0,1.50
206387203.483,0.00,0,0,0,0,0,0,0,0,0,1.75
206387203.733,0.00,0,0,0,0,0,0,0,0,0,2.00
206387203.983,0.00,0,0,0,0,0,0,0,0,0,2.25
206387204.233,0.00,0,0,0,0,0,0,0,0,0,2.50
206387204.483,0.00,0,0,0,0,0,0,0,0,0,2.75
206387204.733,0.00,0,0,0,0,0,0,0,0,0,3.00
206387204.983,0.00,0,0,0,0,0,0,0,0,0,3.25
206387205.233,0.00,0,0,0,0,0,0,0,0,0,3.50
206387205.483,0.00,0,0,0,0,0,0,0,0,0,3.75
206387205.733,0.00,0,0,0,0,0,0,0,0,0,4.00
206387205.983,0.00,0,0,0,0,0,0,0,0,0,4.25
206387206.233,0.00,0,0,0,0,0,0,0,0,0,4.50
206387211.233,0.30,1,1,1,0,0,0,0,0,0,0.00
206387211.983,0.00,0,0,0,0,0,0,0,0,0,0.75
206387212.233,0.00,0,0,0,0,0,0,0,0,0,1.00
206387212.483,0.00,0,0,0,0,0,0,0,0,0,1.25
206387212.733,0.00,0,0,0,0,0,0,0,0,0,1.50
206387212.983,0.00,0,0,0,0,0,0,0,0,0,1.75
206387213.233,0.00,0,0,0,0,0,0,0,0,0,2.00
206387213.483,0.00,0,0,0,0,0,0,0,0,0,2.25
206387213.733,0.00,0,0,0,0,0,0,0,0,0,2.50
206387213.983,0.00,0,0,0,0,0,0,0,0,0,2.75
206387214.233,0.00,0,0,0,0,0,0,0,0,0,3.00
206387214.483,0.00,0,0,0,0,0,0,0,0,0,3.25
206387214.733,0.00,0,0,0,0,0,0,0,0,0,3.50
206387214.983,0.00,0,0,0,0,0,0,0,0,0,3.75
206387215.233,0.00,0,0,0,0,0,0,0,0,0,4.00
206387215.483,0.00,0,0,0,0,0,0,0,0,0,4.25
206387215.733,0.00,0,0,0,0,0,0,0,0,0,4.50
206387215.983,0.00,0,0,0,0,0,0,0,0,0,4.75
206387216.233,0.35,1,7,0,0,0,0,0,0,7,5.00
206387216.483,0.35,1,7,0,0,0,0,0,0,7,5.25
206387216.733,0.35,1,7,0,0,0,0,0,0,7,5.50
206387216.983,0.35,1,7,0,0,0,0,0,0,7,5.75
206387217.233,0.35,1,7,0,0,0,0,0,0,7,6.00
206387217.483,0.35,1,7,0,0,0,0,0,0,7,6.25
206387217.733,0.35,1,7,0,0,0,0,0,0,7,6.50
206387217.983,0.35,1,7,0,0,0,0,0,0,7,6.75
206387218.233,0.35,1,7,0,0,0,0,0,0,7,7.00
206387218.483,0.35,1,7,0,0,0,0,0,0,7,7.25
206387218.733,0.35,1,7,0,0,0,0,0,0,7,7.50
206387218.983,0.35,1,7,0,0,0,0,0,0,7,7.75
206387219.233,0.35,1,7,0,0,0,0,0,0,7,8.00
206387219.483,0.35,1,7,0,0,0,0,0,0,7,8.25
206387219.733,0.35,1,7,0,0,0,0,0,0,7,8.50
206387219.983,0.35,1,7,0,0,0,0,0,0,7,8.75
206387220.233,0.35,1,7,0,0,0,0,0,0,7,9.00
206387220.483,0.35,1,7,0,0,0,0,0,0,7,9.25
206387220.733,0.35,1,7,0,0,0,0,0,0,7,9.50
206387220.983,0.35,1,7,0,0,0,0,0,0,7,9.75
206387220.983,0.50,1,3,1,0,3,0,0,0,0,0.00
206387221.733,0.00,0,0,0,0,0,0,0,0,0,0.75
206387221.983,0.00,0,0,0,0,0,0,0,0,0,1.00
206387222.233,0.00,0,0,0,0,0,0,0,0,0,1.25
206387222.483,0.00,0,0,0,0,0,0,0,0,0,1.50
206387222.733,0.00,0,0,0,0,0,0,0,0,0,1.75
206387222.983,0.00,0,0,0,0,0,0,0,0,0,2.00
206387223.233,0.00,0,0,0,0,0,0,0,0,0,2.25
206387223.483,0.00,0,0,0,0,0,0,0,0,0,2.50
206387223.733,0.00,0,0,0,0,0,0,0,0,0,2.75
206387223.983,0.00,0,0,0,0,0,0,0,0,0,3.00
206387224.233,0.00,0,0,0,0,0,0,0,0,0,3.25
206387224.483,0.00,0,0,0,0,0,0,0,0,0,3.50
206387224.733,0.00,0,0,0,0,0,0,0,0,0,3.75
206387224.983,0.00,0,0,0,0,0,0,0,0,0,4.00
206387225.233,0.00,0,0,0,0,0,0,0,0,0,4.25
206387225.233,0.50,1,3,1,0,3,0,0,0,0,0.00
206387225.983,0.00,0,0,0,0,0,0,0,0,0,0.75
206387226.233,0.00,0,0,0,0,0,0,0,0,0,1.00
206387226.483,0.00,0,0,0,0,0,0,0,0,0,1.25
206387226.733,0.00,0,0,0,0,0,0,0,0,0,1.50
206387226.983,0.00,0,0,0,0,0,0,0,0,0,1.75
206387227.233,0.00,0,0,0,0,0,0,0,0,0,2.00
206387227.483,0.00,0,0,0,0,0,0,0,0,0,2.25
206387227.733,0.00,0,0,0,0,0,0,0,0,0,2.50
206387227.983,0.00,0,0,0,0,0,0,0,0,0,2.75
206387228.233,0.00,0,0,0,0,0,0,0,0,0,3.00
206387228.483,0.00,0,0,0,0,0,0,0,0,0,3.25
206387228.733,0.00,0,0,0,0,0,0,0,0,0,3.50
206387228.983,0.00,0,0,0,0,0,0,0,0,0,3.75
206387229.233,0.00,0,0,0,0,0,0,0,0,0,4.00
206387229.233,0.50,1,3,1,0,3,0,0,0,0,0.00
206387229.983,0.00,0,0,0,0,0,0,0,0,0,0.75
206387230.233,0.00,0,0,0,0,0,0,0,0,0,1.00
206387230.483,0.00,0,0,0,0,0,0,0,0,0,1.25
206387230.733,0.00,0,0,0,0,0,0,0,0,0,1.50
206387230.983,0.00,0,0,0,0,0,0,0,0,0,1.75
206387231.233,0.00,0,0,0,0,0,0,0,0,0,2.00
206387231.483,0.00,0,0,0,0,0,0,0,0,0,2.25
206387231.733,0.00,0,0,0,0,0,0,0,0,0,2.50
206387231.983,0.00,0,0,0,0,0,0,0,0,0,2.75
206387232.233,0.00,0,0,0,0,0,0,0,0,0,3.00
206387232.483,0.00,0,0,0,0,0,0,0,0,0,3.25
206387232.733,0.00,0,0,0,0,0,0,0,0,0,3.50
206387232.983,0.00,0,0,0,0,0,0,0,0,0,3.75
206387233.233,0.00,0,0,0,0,0,0,0,0,0,4.00
206387233.733,0.00,0,0,0,0,0,0,0,0,0,4.50
206387233.983,0.00,0,0,0,0,0,0,0,0,0,4.75
206387234.233,0.35,1,7,0,0,0,0,0,0,7,5.00
206387234.483,0.35,1,7,0,0,0,0,0,0,7,5.25
206387234.733,0.35,1,7,0,0,0,0,0,0,7,5.50
206387234.983,0.35,1,7,0,0,0,0,0,0,7,5.75
206387235.233,0.35,1,7,0,0,0,0,0,0,7,6.00
206387235.483,0.35,1,7,0,0,0,0,0,0,7,6.25
206387235.733,0.35,1,7,0,0,0,0,0,0,7,6.50
206387235.983,0.35,1,7,0,0,0,0,0,0,7,6.75
206387236.233,0.35,1,7,0,0,0,0,0,0,7,7.00
206387236.483,0.35,1,7,0,0,0,0,0,0,7,7.25
206387236.733,0.35,1,7,0,0,0,0,0,0,7,7.50
206387236.983,0.35,1,7,0,0,0,0,0,0,7,7.75
206387237.233,0.35,1,7,0,0,0,0,0,0,7,8.00
206387237.233,0.50,1,3,1,0,3,0,0,0,0,0.00
206387237.733,0.00,0,0,0,0,0,0,0,0,0,0.50
206387237.983,0.00,0,0,0,0,0,0,0,0,0,0.75
206387238.233,0.00,0,0,0,0,0,0,0,0,0,1.00
206387238.483,0.00,0,0,0,0,0,0,0,0,0,1.25
206387238.733,0.00,0,0,0,0,0,0,0,0,0,1.50
206387238.983,0.00,0,0,0,0,0,0,0,0,0,1.75
206387239.233,0.00,0,0,0,0,0,0,0,0,0,2.00
206387239.483,0.00,0,0,0,0,0,0,0,0,0,2.25
206387239.733,0.00,0,0,0,0,0,0,0,0,0,2.50
206387239.983,0.00,0,0,0,0,0,0,0,0,0,2.75
206387240.233,0.00,0,0,0,0,0,0,0,0,0,3.00
206387240.483,0.00,0,0,0,0,0,0,0,0,0,3.25
206387240.733,0.00,0,0,0,0,0,0,0,0,0,3.50
206387240.983,0.00,0,0,0,0,0,0,0,0,0,3.75
206387241.233,0.00,0,0,0,0,0,0,0,0,0,4.00
206387241.233,0.50,1,3,1,0,3,0,0,0,0,0.00
206387241.983,0.00,0,0,0,0,0,0,0,0,0,0.75
206387242.233,0.00,0,0,0,0,0,0,0,0,0,1.00
206387242.483,0.00,0,0,0,0,0,0,0,0,0,1.25
206387242.733,0.00,0,0,0,0,0,0,0,0,0,1.50
206387242.983,0.00,0,0,0,0,0,0,0,0,0,1.75
206387243.233,0.00,0,0,0,0,0,0,0,0,0,2.00
206387243.483,0.00,0,0,0,0,0,0,0,0,0,2.25
206387243.733,0.00,0,0,0,0,0,0,0,0,0,2.50
206387243.983,0.00,0,0,0,0,0,0,0,0,0,2.75
206387244.233,0.00,0,0,0,0,0,0,0,0,0,3.00
206387244.483,0.00,0,0,0,0,0,0,0,0,0,3.25
206387244.733,0.00,0,0,0,0,0,0,0,0,0,3.50
206387244.983,0.00,0,0,0,0,0,0,0,0,0,3.75
206387245.233,0.00,0,0,0,0,0,0,0,0,0,4.00
206387245.483,0.00,0,0,0,0,0,0,0,0,0,4.25
206387245.733,0.00,0,0,0,0,0,0,0,0,0,4.50
206387245.733,0.50,1,3,1,0,3,0,0,0,0,0.00
206387246.233,0.00,0,0,0,0,0,0,0,0,0,0.50
206387246.483,0.00,0,0,0,0,0,0,0,0,0,0.75
206387246.733,0.00,0,0,0,0,0,0,0,0,0,1.00
206387246.983,0.00,0,0,0,0,0,0,0,0,0,1.25
206387247.233,0.00,0,0,0,0,0,0,0,0,0,1.50
206387247.483,0.00,0,0,0,0,0,0,0,0,0,1.75
206387247.733,0.00,0,0,0,0,0,0,0,0,0,2.00
206387247.983,0.00,0,0,0,0,0,0,0,0,0,2.25
206387248.233,0.00,0,0,0,0,0,0,0,0,0,2.50
206387248.483,0.00,0,0,0,0,0,0,0,0,0,2.75
206387248.733,0.00,0,0,0,0,0,0,0,0,0,3.00
206387248.983,0.00,0,0,0,0,0,0,0,0,0,3.25
206387249.233,0.00,0,0,0,0,0,0,0,0,0,3.50
206387249.483,0.00,0,0,0,0,0,0,0,0,0,3.75
206387249.733,0.00,0,0,0,0,0,0,0,0,0,4.00
206387249.983,0.00,0,0,0,0,0,0,0,0,0,4.25
206387249.983,0.50,1,3,1,0,3,0,0,0,0,0.00
206387250.483,0.00,0,0,0,0,0,0,0,0,0,0.50
206387250.733,0.00,0,0,0,0,0,0,0,0,0,0.75
206387250.983,0.00,0,0,0,0,0,0,0,0,0,1.00
206387251.233,0.00,0,0,0,0,0,0,0,0,0,1.25
206387251.483,0.00,0,0,0,0,0,0,0,0,0,1.50
206387251.733,0.00,0,0,0,0,0,0,0,0,0,1.75
206387251.983,0.00,0,0,0,0,0,0,0,0,0,2.00
206387252.233,0.00,0,0,0,0,0,0,0,0,0,2.25
206387252.483,0.00,0,0,0,0,0,0,0,0,0,2.50
206387252.733,0.00,0,0,0,0,0,0,0,0,0,2.75
206387252.983,0.00,0,0,0,0,0,0,0,0,0,3.00
206387253.233,0.00,0,0,0,0,0,0,0,0,0,3.25
206387253.483,0.00,0,0,0,0,0,0,0,0,0,3.50
206387253.733,0.00,0,0,0,0,0,0,0,0,0,3.75
206387253.983,0.00,0,0,0,0,0,0,0,0,0,4.00
206387254.233,0.00,0,0,0,0,0,0,0,0,0,4.25
206387254.483,0.00,0,0,0,0,0,0,0,0,0,4.50
206387255.233,0.35,1,7,0,0,0,0,0,0,7,5.25
206387255.483,0.35,1,7,0,0,0,0,0,0,7,5.50
206387255.733,0.35,1,7,0,0,0,0,0,0,7,5.75
206387255.983,0.35,1,7,0,0,0,0,0,0,7,6.00
206387256.233,0.35,1,7,0,0,0,0,0,0,7,6.25
206387256.483,0.35,1,7,0,0,0,0,0,0,7,6.50
206387256.733,0.35,1,7,0,0,0,0,0,0,7,6.75
206387256.983,0.35,1,7,0,0,0,0,0,0,7,7.00
206387257.233,0.35,1,7,0,0,0,0,0,0,7,7.25
206387257.483,0.35,1,7,0,0,0,0,0,0,7,7.50
206387257.733,0.35,1,7,0,0,0,0,0,0,7,7.75
206387257.983,0.35,1,7,0,0,0,0,0,0,7,8.00
206387258.233,0.35,1,7,0,0,0,0,0,0,7,8.25
206387258.483,0.35,1,7,0,0,0,0,0,0,7,8.50
206387258.733,0.35,1,7,0,0,0,0,0,0,7,8.75
206387258.983,0.35,1,7,0,0,0,0,0,0,7,9.00
206387259.233,0.35,1,7,0,0,0,0,0,0,7,9.25
206387259.483,0.35,1,7,0,0,0,0,0,0,7,9.50
206387259.733,0.35,1,7,0,0,0,0,0,0,7,9.75
206387260.483,0.35,1,7,0,0,0,0,0,0,7,10.50
206387260.733,0.35,1,7,0,0,0,0,0,0,7,10.75
206387260.983,0.35,1,7,0,0,0,0,0,0,7,11.00
206387261.233,0.35,1,7,0,0,0,0,0,0,7,11.25
206387261.483,0.35,1,7,0,0,0,0,0,0,7,11.50
206387261.733,0.35,1,7,0,0,0,0,0,0,7,11.75
206387261.983,0.35,1,7,0,0,0,0,0,0,7,12.00
206387262.233,0.35,1,7,0,0,0,0,0,0,7,12.25
206387262.483,0.35,1,7,0,0,0,0,0,0,7,12.50
206387262.733,0.35,1,7,0,0,0,0,0,0,7,12.75
206387262.983,0.35,1,7,0,0,0,0,0,0,7,13.00
206387263.233,0.35,1,7,0,0,0,0,0,0,7,13.25
206387263.483,0.35,1,7,0,0,0,0,0,0,7,13.50
206387263.483,0.50,1,3,1,0,3,0,0,0,0,0.00
206387263.483,0.50,1,3,1,0,3,0,0,0,0,0.00
206387264.483,0.00,0,0,0,0,0,0,0,0,0,1.00
206387264.733,0.00,0,0,0,0,0,0,0,0,0,1.25
206387264.983,0.00,0,0,0,0,0,0,0,0,0,1.50
206387265.233,0.00,0,0,0,0,0,0,0,0,0,1.75
206387265.483,0.00,0,0,0,0,0,0,0,0,0,2.00
206387265.733,0.00,0,0,0,0,0,0,0,0,0,2.25
206387265.983,0.00,0,0,0,0,0,0,0,0,0,2.50
206387266.233,0.00,0,0,0,0,0,0,0,0,0,2.75
206387266.483,0.00,0,0,0,0,0,0,0,0,0,3.00
206387266.733,0.00,0,0,0,0,0,0,0,0,0,3.25
206387266.983,0.00,0,0,0,0,0,0,0,0,0,3.50
206387267.233,0.00,0,0,0,0,0,0,0,0,0,3.75
206387267.483,0.00,0,0,0,0,0,0,0,0,0,4.00
206387267.483,0.50,1,3,1,0,3,0,0,0,0,0.00
206387268.233,0.00,0,0,0,0,0,0,0,0,0,0.75
206387268.483,0.00,0,0,0,0,0,0,0,0,0,1.00
206387268.733,0.00,0,0,0,0,0,0,0,0,0,1.25
206387268.983,0.00,0,0,0,0,0,0,0,0,0,1.50
206387269.233,0.00,0,0,0,0,0,0,0,0,0,1.75
206387269.483,0.00,0,0,0,0,0,0,0,0,0,2.00
206387269.733,0.00,0,0,0,0,0,0,0,0,0,2.25
206387269.983,0.00,0,0,0,0,0,0,0,0,0,2.50
206387270.233,0.00,0,0,0,0,0,0,0,0,0,2.75
206387270.483,0.00,0,0,0,0,0,0,0,0,0,3.00
206387270.733,0.00,0,0,0,0,0,0,0,0,0,3.25
206387270.983,0.00,0,0,0,0,0,0,0,0,0,3.50
206387271.233,0.00,0,0,0,0,0,0,0,0,0,3.75
206387271.483,0.00,0,0,0,0,0,0,0,0,0,4.00
206387271.733,0.00,0,0,0,0,0,0,0,0,0,4.25
206387271.983,0.00,0,0,0,0,0,0,0,0,0,4.50
206387271.983,0.50,1,3,1,0,3,0,0,0,0,0.00
206387272.733,0.00,0,0,0,0,0,0,0,0,0,0.75
206387272.983,0.00,0,0,0,0,0,0,0,0,0,1.00
206387273.233,0.00,0,0,0,0,0,0,0,0,0,1.25
206387273.483,0.00,0,0,0,0,0,0,0,0,0,1.50
206387273.733,0.00,0,0,0,0,0,0,0,0,0,1.75
206387273.983,0.00,0,0,0,0,0,0,0,0,0,2.00
206387274.233,0.00,0,0,0,0,0,0,0,0,0,2.25
206387274.483,0.00,0,0,0,0,0,0,0,0,0,2.50
206387274.733,0.00,0,0,0,0,0,0,0,0,0,2.75
206387274.983,0.00,0,0,0,0,0,0,0,0,0,3.00
206387275.233,0.00,0,0,0,0,0,0,0,0,0,3.25
206387275.483,0.00,0,0,0,0,0,0,0,0,0,3.50
206387275.733,0.00,0,0,0,0,0,0,0,0,0,3.75
206387275.983,0.00,0,0,0,0,0,0,0,0,0,4.00
206387276.233,0.00,0,0,0,0,0,0,0,0,0,4.25
206387276.483,0.00,0,0,0,0,0,0,0,0,0,4.50
206387276.983,0.35,1,7,0,0,0,0,0,0,7,5.00
206387277.233,0.35,1,7,0,0,0,0,0,0,7,5.25
206387277.483,0.35,1,7,0,0,0,0,0,0,7,5.50
206387277.733,0.35,1,7,0,0,0,0,0,0,7,5.75
206387277.983,0.35,1,7,0,0,0,0,0,0,7,6.00
206387278.233,0.35,1,7,0,0,0,0,0,0,7,6.25
206387278.483,0.35,1,7,0,0,0,0,0,0,7,6.50
206387278.733,0.35,1,7,0,0,0,0,0,0,7,6.75
206387278.983,0.35,1,7,0,0,0,0,0,0,7,7.00
206387279.233,0.35,1,7,0,0,0,0,0,0,7,7.25
206387279.483,0.35,1,7,0,0,0,0,0,0,7,7.50
206387279.733,0.35,1,7,0,0,0,0,0,0,7,7.75
206387279.983,0.35,1,7,0,0,0,0,0,0,7,8.00
206387280.233,0.35,1,7,0,0,0,0,0,0,7,8.25
206387280.733,0.35,1,7,0,0,0,0,0,0,7,8.75
206387280.983,0.35,1,7,0,0,0,0,0,0,7,9.00
206387281.233,0.35,1,7,0,0,0,0,0,0,7,9.25
206387281.483,0.35,1,7,0,0,0,0,0,0,7,9.50
206387281.733,0.35,1,7,0,0,0,0,0,0,7,9.75
206387281.983,0.35,1,7,0,0,0,0,0,0,7,10.00
206387282.233,0.35,1,7,0,0,0,0,0,0,7,10.25
206387282.483,0.35,1,7,0,0,0,0,0,0,7,10.50
206387282.733,0.35,1,7,0,0,0,0,0,0,7,10.75
206387282.983,0.35,1,7,0,0,0,0,0,0,7,11.00
206387283.233,0.35,1,7,0,0,0,0,0,0,7,11.25
206387283.483,0.35,1,7,0,0,0,0,0,0,7,11.50
206387283.733,0.35,1,7,0,0,0,0,0,0,7,11.75
206387283.983,0.35,1,7,0,0,0,0,0,0,7,12.00
206387284.233,0.35,1,7,0,0,0,0,0,0,7,12.25
206387284.483,0.35,1,7,0,0,0,0,0,0,7,12.50
206387284.733,0.35,1,7,0,0,0,0,0,0,7,12.75
206387284.983,0.35,1,7,0,0,0,0,0,0,7,13.00
206387285.233,0.35,1,7,0,0,0,0,0,0,7,13.25
206387285.483,0.35,1,7,0,0,0,0,0,0,7,13.50
206387285.733,0.35,1,7,0,0,0,0,0,0,7,13.75
206387285.983,0.35,1,7,0,0,0,0,0,0,7,14.00
206387286.233,0.35,1,7,0,0,0,0,0,0,7,14.25
206387286.483,0.35,1,7,0,0,0,0,0,0,7,14.50
206387286.733,0.35,1,7,0,0,0,0,0,0,7,14.75
206387286.983,0.35,1,7,0,0,0,0,0,0,7,15.00
206387287.233,0.35,1,7,0,0,0,0,0,0,7,15.25
206387287.483,0.35,1,7,0,0,0,0,0,0,7,15.50
206387287.733,0.35,1,7,0,0,0,0,0,0,7,15.75
206387287.983,0.35,1,7,0,0,0,0,0,0,7,16.00
206387288.233,0.35,1,7,0,0,0,0,0,0,7,16.25
206387288.483,0.35,1,7,0,0,0,0,0,0,7,16.50
206387288.483,0.50,1,3,1,0,3,0,0,0,0,0.00
206387288.483,0.50,1,3,1,0,3,0,0,0,0,0.00
206387289.483,0.00,0,0,0,0,0,0,0,0,0,1.00
206387289.733,0.00,0,0,0,0,0,0,0,0,0,1.25
206387289.983,0.00,0,0,0,0,0,0,0,0,0,1.50
206387290.233,0.00,0,0,0,0,0,0,0,0,0,1.75
206387290.483,0.00,0,0,0,0,0,0,0,0,0,2.00
206387290.733,0.00,0,0,0,0,0,0,0,0,0,2.25
206387290.983,0.00,0,0,0,0,0,0,0,0,0,2.50
206387291.233,0.00,0,0,0,0,0,0,0,0,0,2.75
206387291.483,0.00,0,0,0,0,0,0,0,0,0,3.00
206387291.733,0.00,0,0,0,0,0,0,0,0,0,3.25
206387291.983,0.00,0,0,0,0,0,0,0,0,0,3.50
206387292.233,0.00,0,0,0,0,0,0,0,0,0,3.75
206387292.483,0.00,0,0,0,0,0,0,0,0,0,4.00
206387292.733,0.00,0,0,0,0,0,0,0,0,0,4.25
206387292.983,0.00,0,0,0,0,0,0,0,0,0,4.50
206387293.233,0.00,0,0,0,0,0,0,0,0,0,4.75
206387293.233,0.50,1,3,1,0,3,0,0,0,0,0.00
206387293.983,0.00,0,0,0,0,0,0,0,0,0,0.75
206387294.233,0.00,0,0,0,0,0,0,0,0,0,1.00
206387294.483,0.00,0,0,0,0,0,0,0,0,0,1.25
206387294.733,0.00,0,0,0,0,0,0,0,0,0,1.50
206387294.983,0.00,0,0,0,0,0,0,0,0,0,1.75
206387295.233,0.00,0,0,0,0,0,0,0,0,0,2.00
206387295.483,0.00,0,0,0,0,0,0,0,0,0,2.25
206387295.733,0.00,0,0,0,0,0,0,0,0,0,2.50
206387295.983,0.00,0,0,0,0,0,0,0,0,0,2.75
206387296.233,0.00,0,0,0,0,0,0,0,0,0,3.00
206387296.483,0.00,0,0,0,0,0,0,0,0,0,3.25
206387296.733,0.00,0,0,0,0,0,0,0,0,0,3.50
206387296.983,0.00,0,0,0,0,0,0,0,0,0,3.75
206387297.233,0.00,0,0,0,0,0,0,0,0,0,4.00
206387297.483,0.00,0,0,0,0,0,0,0,0,0,4.25
206387297.733,0.00,0,0,0,0,0,0,0,0,0,4.50
206387297.983,0.00,0,0,0,0,0,0,0,0,0,4.75
206387298.233,0.35,1,7,0,0,0,0,0,0,7,5.00
206387298.483,0.35,1,7,0,0,0,0,0,0,7,5.25
206387298.733,0.35,1,7,0,0,0,0,0,0,7,5.50
206387298.983,0.35,1,7,0,0,0,0,0,0,7,5.75
206387299.233,0.35,1,7,0,0,0,0,0,0,7,6.00
206387299.483,0.35,1,7,0,0,0,0,0,0,7,6.25
206387299.733,0.35,1,7,0,0,0,0,0,0,7,6.50
206387299.983,0.35,1,7,0,0,0,0,0,0,7,6.75
206387300.233,0.35,1,7,0,0,0,0,0,0,7,7.00
206387300.483,0.35,1,7,0,0,0,0,0,0,7,7.25
206387300.733,0.35,1,7,0,0,0,0,0,0,7,7.50
206387300.733,0.50,1,3,1,0,3,0,0,0,0,0.00
206387301.233,0.00,0,0,0,0,0,0,0,0,0,0.50
206387301.483,0.00,0,0,0,0,0,0,0,0,0,0.75
206387301.983,0.00,0,0,0,0,0,0,0,0,0,1.25
206387302.233,0.00,0,0,0,0,0,0,0,0,0,1.50
206387302.483,0.00,0,0,0,0,0,0,0,0,0,1.75
206387302.733,0.00,0,0,0,0,0,0,0,0,0,2.00
206387302.983,0.00,0,0,0,0,0,0,0,0,0,2.25
206387303.233,0.00,0,0,0,0,0,0,0,0,0,2.50
206387303.483,0.00,0,0,0,0,0,0,0,0,0,2.75
206387303.733,0.00,0,0,0,0,0,0,0,0,0,3.00
206387303.983,0.00,0,0,0,0,0,0,0,0,0,3.25
206387304.233,0.00,0,0,0,0,0,0,0,0,0,3.50
206387304.483,0.00,0,0,0,0,0,0,0,0,0,3.75
206387304.733,0.00,0,0,0,0,0,0,0,0,0,4.00
206387304.983,0.00,0,0,0,0,0,0,0,0,0,4.25
206387305.233,0.00,0,0,0,0,0,0,0,0,0,4.50
206387305.233,0.50,1,3,1,0,3,0,0,0,0,0.00
206387305.733,0.00,0,0,0,0,0,0,0,0,0,0.50
206387305.983,0.00,0,0,0,0,0,0,0,0,0,0.75
206387306.233,0.00,0,0,0,0,0,0,0,0,0,1.00
206387306.483,0.00,0,0,0,0,0,0,0,0,0,1.25
206387306.733,0.00,0,0,0,0,0,0,0,0,0,1.50
206387306.983,0.00,0,0,0,0,0,0,0,0,0,1.75
206387307.233,0.00,0,0,0,0,0,0,0,0,0,2.00
206387307.483,0.00,0,0,0,0,0,0,0,0,0,2.25
